78, 0.00
0.00
0, 0.00
0, 0.00
0, 0.00
0, 0.00
0, 0.00
0, 0.00

0, 0.00
0, 0.00
0, 0.00
0, 0.00
0, 0.00
0, 0.00
0, 0.00
0, 0.00
0, 0.00
0, 0.00
0, 0.00
0, 0.00
0, 0.00
0, 0.00
0, 0.00
0, 0.00
0, 0.00
0, 0.00
0, 0.00
0, 0.00
0, 0.00
0, 0.00
0, 0.00
0, 0.00
0, 0.00
0, 0.00
0, 0.00
0, 0.00
0, 0.00
0, 0.00
0, 0.00
0, 0.00
0, 0.00
0, 0.00
0, 0.00
0, 0.00
0, 0.00
0, 0.00
0, 0.00
0, 0.00
0, 0.00
0, 0.00
0, 0.00
0, 0.00
0, 0.00
0, 0.00
0, 0.00
0, 0.00
0, 0.00
0, 0.00
0, 0.00
0, 0.00
0, 0.00
0, 0.00
0, 0.00
0, 0.00
0, 0.00
0, 0.00
0, 0.00
0, 0.00
0, 0.00
0, 0.00
0, 0.00
0, 0.00
0, 0.00
0, 0.00
0, 0.00
0, 0.00
0, 0.00
0, 0.00
0, 0.00
0, 0.00
0, 0.00
0, 0.00
0, 0.00
0, 0.00
0, 0.00
0, 0.00
0, 0.00
0, 0.00
0, 0.00
0, 0.00
0, 0.00
0, 0.00
0, 0.00
0, 0.00
0, 0.00
0, 0.00
0, 0.00
0, 0.00
0, 0.00
0, 0.00
0, 0.00
0, 0.00
0, 0.00
0, 0.00
0, 0.00
0, 0.00
0, 0.00
0, 0.00
0, 0.00
0, 0.00
0, 0.00
0, 0.00
0, 0.00
0, 0.00
0, 0.00
0, 0.00
0, 0.00
0, 0.00
0, 0.00
0, 0.00
0, 0.00
0, 0.00
0, 0.00
0, 0.00
0, 0.00
0, 0.00
0, 0.00
0, 0.00
0, 0.00
0, 0.00
0, 0.00
0, 0.00
0, 0.00
0, 0.00
0, 0.00
0, 0.00
0, 0.00
0, 0.00
0, 0.00
0, 0.00
0, 0.00
0, 0.00
0, 0.00
0, 0.00
0, 0.00
0, 0.00
0, 0.00
0, 0.00
0, 0.00
0, 0.00
0, 0.00
0, 0.00
0, 0.00
0, 0.00
0, 0.00
0, 0.00
0, 0.00
0, 0.00
0, 0.00
0, 0.00
0, 0.00
0, 0.00
0, 0.00
0, 0.00
0, 0.00
0, 0.00
0, 0.00
0, 0.00
0, 0.00
0, 0.00
0, 0.00
0, 0.00
0, 0.00
0, 0.00
0, 0.00
0, 0.00
0, 0.00
0, 0.00
0, 0.00
0, 0.00
0, 0.00
0, 0.00
0, 0.00
0, 0.00
0, 0.00
0, 0.00
0, 0.00
0, 0.00
0, 0.00
0, 0.00
0, 0.00
0, 0.00
0, 0.00
0, 0.00
0, 0.00
0, 0.00
0, 0.00
0, 0.00
0, 0.00
0, 0.00
0, 0.00
0, 0.00
0, 0.00
0, 0.00
0, 0.00
0, 0.00
0, 0.00
0, 0.00
0, 0.00
0, 0.00
0, 0.00
0, 0.00
0, 0.00
0, 0.00
0, 0.00
0, 0.00
0, 0.00
0, 0.00
0, 0.00
0, 0.00
0, 0.00
0, 0.00
0, 0.00
0, 0.00
0, 0.00
0, 0.00
0, 0.00
0, 0.00
0, 0.00
0, 0.00
0, 0.00
0, 0.00
0, 0.00
0, 0.00
0, 0.00
0, 0.00
0, 0.00
0, 0.00
0, 0.00
0, 0.00
0, 0.00
0, 0.00
0, 0.00
0, 0.00
0, 0.00
0, 0.00
0, 0.00
0, 0.00
0, 0.00
0, 0.00
0, 0.00
0, 0.00
0, 0.00
0, 0.00
0, 0.00
0, 0.00
0, 0.00
0, 0.00
0, 0.00
0, 0.00
0, 0.00
0, 0.00
0, 0.00
0, 0.00
0, 0.00
0, 0.00
0, 0.00
0, 0.00
0, 0.00
0, 0.00
0, 0.00
0, 0.00
0, 0.00
0, 0.00
0, 0.00
0, 0.00
0, 0.00
0, 0.00
0, 0.00
0, 0.00
0, 0.00
0, 0.00
0, 0.00
0, 0.00
0, 0.00
0, 0.00
0, 0.00
0, 0.00
0, 0.00
0, 0.00
0, 0.00
0, 0.00
0, 0.00
0, 0.00
0, 0.00
0, 0.00
0, 0.00
0, 0.00
0, 0.00
0, 0.00
0, 0.00
0, 0.00
0, 0.00
0, 0.00
0, 0.00
0, 0.00
0, 0.00
0, 0.00
0, 0.00
0, 0.00
0, 0.00
0, 0.00
0, 0.00
0, 0.00
0, 0.00
0, 0.00
0, 0.00
0, 0.00
0, 0.00
0, 0.00
0, 0.00
0, 0.00
0, 0.00
0, 0.00
0, 0.00
0, 0.00
0, 0.00
0, 0.00
0, 0.00
0, 0.00
0, 0.00
0, 0.00
0, 0.00
0, 0.00
0, 0.00
0, 0.00
0, 0.00
0, 0.00
0, 0.00
0, 0.00
0, 0.00
0, 0.00
0, 0.00
0, 0.00
0, 0.00
0, 0.00
0, 0.00
0, 0.00
0, 0.00
0, 0.00
0, 0.00
0, 0.00
0, 0.00
0, 0.00
0, 0.00
0, 0.00
0, 0.00
0, 0.00
0, 0.00
0, 0.00
0, 0.00
0, 0.00
0, 0.00
0, 0.00
0, 0.00
0, 0.00
0, 0.00
0, 0.00
0, 0.00
0, 0.00
0, 0.00
0, 0.00
0, 0.00
0, 0.00
0, 0.00
0, 0.00
0, 0.00
0, 0.00
0, 0.00
0, 0.00
0, 0.00
0, 0.00
0, 0.00
0, 0.00
0, 0.00
0, 0.00
0, 0.00
0, 0.00
0, 0.00
0, 0.00
0, 0.00
0, 0.00
0, 0.00
0, 0.00
0, 0.00
0, 0.00
0, 0.00
0, 0.00
0, 0.00
0, 0.00
0, 0.00
0, 0.00
0, 0.00
0, 0.00
0, 0.00
0, 0.00
0, 0.00
0, 0.00
0, 0.00
0, 0.00
0, 0.00
0, 0.00
0, 0.00
0, 0.00
0, 0.00
0, 0.00
0, 0.00
0, 0.00
0, 0.00
0, 0.00
0, 0.00
0, 0.00
0, 0.00
0, 0.00
0, 0.00
0, 0.00
0, 0.00
0, 0.00
0, 0.00
0, 0.00
0, 0.00
0, 0.00
0, 0.00
0, 0.00
0, 0.00
0, 0.00
0, 0.00
0, 0.00
0, 0.00
0, 0.00
0, 0.00
0, 0.00
0, 0.00
0, 0.00
0, 0.00
0, 0.00
0, 0.00
0, 0.00
0, 0.00
0, 0.00
0, 0.00
0, 0.00
0, 0.00
0, 0.00
0, 0.00
0, 0.00
0, 0.00
0, 0.00
0, 0.00
0, 0.00
0, 0.00
0, 0.00
0, 0.00
0, 0.00
0, 0.00
0, 0.01
0, 0.01
0, 0.01
0, 0.01
0, 0.01
0, 0.01
0, 0.01
0, 0.01
0, 0.02
0, 0.02
0, 0.02
0, 0.02
0, 0.02
0, 0.02
0, 0.03
0, 0.03
0, 0.03
0, 0.03
0, 0.04
0, 0.04
0, 0.04
0, 0.04
0, 0.05
0, 0.05
0, 0.05
0, 0.06
0, 0.06
0, 0.06
0, 0.07
0, 0.07
78, 0.07
0, 0.08
78, 0.08
0, 0.08
78, 0.08
0, 0.09
78, 0.09
157, 0.09
157, 0.10
157, 0.10
235, 0.11
235, 0.11
314, 0.11
314, 0.11
314, 0.12
314, 0.12
392, 0.12
392, 0.13
392, 0.13
471, 0.13
471, 0.14
471, 0.14
549, 0.14
549, 0.15
549, 0.15
549, 0.15
549, 0.16
549, 0.16
628, 0.16
706, 0.17
628, 0.17
706, 0.17
706, 0.17
706, 0.18
706, 0.18
785, 0.18
785, 0.18
785, 0.18
785, 0.19
785, 0.19
785, 0.19
863, 0.19
863, 0.20
863, 0.20
863, 0.20
863, 0.20
863, 0.20
942, 0.20
942, 0.20
863, 0.21
942, 0.21
942, 0.21
942, 0.21
942, 0.21
942, 0.21
942, 0.22
1021, 0.22
1021, 0.22
1021, 0.22
1021, 0.22
1021, 0.22
1021, 0.22
1021, 0.22
1099, 0.23
1099, 0.23
1099, 0.23
1099, 0.23
1099, 0.23
1178, 0.23
1178, 0.23
1178, 0.24
1178, 0.24
1178, 0.24
1021, 0.24
1178, 0.24
1178, 0.24
1178, 0.24
1178, 0.24
1178, 0.24
1178, 0.24
1178, 0.24
1178, 0.25
1178, 0.25
1256, 0.25
1256, 0.25
1178, 0.25
1256, 0.25
1256, 0.25
1256, 0.25
1256, 0.25
1256, 0.25
1256, 0.25
1178, 0.25
1178, 0.25
1256, 0.26
1256, 0.26
1335, 0.26
1256, 0.26
1256, 0.26
1256, 0.26
1256, 0.26
1335, 0.26
1178, 0.26
1335, 0.26
1335, 0.26
1335, 0.27
1256, 0.27
1335, 0.27
1335, 0.27
1256, 0.27
1256, 0.27
1335, 0.27
1335, 0.27
1256, 0.27
1335, 0.27
1335, 0.27
1256, 0.27
1256, 0.27
1335, 0.27
1335, 0.27
1335, 0.27
1413, 0.27
1335, 0.27
1335, 0.27
1335, 0.27
1335, 0.27
1178, 0.27
1335, 0.27
1413, 0.27
1256, 0.27
1256, 0.27
1256, 0.27
1335, 0.27
1335, 0.27
1335, 0.27
1335, 0.27
1335, 0.27
1335, 0.27
1413, 0.27
1256, 0.27
1413, 0.27
1256, 0.27
1413, 0.27
1178, 0.27
1413, 0.27
1256, 0.27
1256, 0.27
1413, 0.27
1335, 0.27
1178, 0.27
1099, 0.27
1335, 0.27
1413, 0.27
1413, 0.27
1413, 0.27
1335, 0.27
1413, 0.27
1256, 0.27
1256, 0.27
1335, 0.27
1178, 0.27
1335, 0.27
1256, 0.27
1413, 0.27
1335, 0.27
1335, 0.27
1335, 0.27
1413, 0.27
1335, 0.27
1335, 0.27
1256, 0.27
1256, 0.27
1335, 0.27
1335, 0.27
1413, 0.27
1335, 0.27
1256, 0.27
1256, 0.27
1178, 0.27
1335, 0.27
1335, 0.27
1413, 0.27
1256, 0.27
1256, 0.27
1335, 0.27
1256, 0.27
1413, 0.27
1413, 0.27
1335, 0.27
1413, 0.27
1335, 0.27
1178, 0.27
1335, 0.27
1413, 0.27
1335, 0.27
1413, 0.27
1256, 0.27
1335, 0.27
1335, 0.27
1413, 0.27
1413, 0.27
1256, 0.27
1256, 0.27
1256, 0.27
1413, 0.27
1335, 0.27
1413, 0.27
1413, 0.27
1413, 0.27
1178, 0.27
1256, 0.27
1413, 0.27
1413, 0.27
1413, 0.27
1178, 0.27
1335, 0.27
1335, 0.27
1335, 0.27
1413, 0.27
1178, 0.27
1335, 0.27
1335, 0.27
1335, 0.27
1413, 0.27
1413, 0.27
1413, 0.27
1413, 0.27
1335, 0.27
1335, 0.27
1335, 0.27
1335, 0.27
1413, 0.27
1256, 0.27
1335, 0.27
1256, 0.27
1335, 0.27
1335, 0.27
1335, 0.27
1335, 0.27
1413, 0.27
1335, 0.27
1256, 0.27
1413, 0.27
1256, 0.27
1256, 0.27
1335, 0.27
1335, 0.27
1413, 0.27
1256, 0.27
1256, 0.27
1256, 0.27
1413, 0.27
1335, 0.27
1335, 0.27
1256, 0.27
1335, 0.27
1256, 0.27
1413, 0.27
1256, 0.27
1335, 0.27
1335, 0.27
1256, 0.27
1335, 0.27
1413, 0.27
1256, 0.27
1256, 0.27
1335, 0.27
1178, 0.27
1256, 0.27
1335, 0.27
1413, 0.27
1335, 0.27
1335, 0.27
1335, 0.27
1256, 0.27
1256, 0.27
1413, 0.27
1413, 0.27
1335, 0.27
1256, 0.27
1256, 0.27
1335, 0.27
1335, 0.27
1335, 0.27
1413, 0.27
1099, 0.27
1335, 0.27
1335, 0.27
1335, 0.27
1256, 0.27
1492, 0.27
1178, 0.27
1256, 0.27
1335, 0.27
1256, 0.27
1256, 0.27
1413, 0.27
1335, 0.27
1256, 0.27
1335, 0.27
1256, 0.27
1413, 0.27
1335, 0.27
1413, 0.27
1256, 0.27
1413, 0.27
1178, 0.27
1178, 0.27
1178, 0.27
1256, 0.27
1413, 0.27
1335, 0.27
1256, 0.27
1178, 0.27
1178, 0.27
1256, 0.27
1178, 0.27
1413, 0.27
1413, 0.27
1335, 0.27
1335, 0.27
1335, 0.27
1335, 0.27
1413, 0.27
1413, 0.27
1335, 0.27
1256, 0.27
1099, 0.27
1178, 0.27
1256, 0.27
1178, 0.27
1335, 0.27
1335, 0.27
1178, 0.27
1335, 0.27
1178, 0.27
1178, 0.27
1256, 0.27
1335, 0.27
1335, 0.27
1256, 0.27
1335, 0.27
1178, 0.27
1335, 0.27
1413, 0.27
1413, 0.27
1256, 0.27
1335, 0.27
1256, 0.27
1413, 0.27
1256, 0.27
1335, 0.27
1413, 0.27
1256, 0.27
1335, 0.27
1256, 0.27
1335, 0.27
1335, 0.27
1256, 0.27
1335, 0.27
1256, 0.27
1413, 0.27
1335, 0.27
1413, 0.27
1413, 0.27
1256, 0.27
1413, 0.27
1335, 0.27
1335, 0.27
1335, 0.27
1256, 0.27
1413, 0.27
1335, 0.27
1413, 0.27
1178, 0.27
1335, 0.27
1335, 0.27
1335, 0.27
1413, 0.27
1413, 0.27
1256, 0.27
1256, 0.27
1335, 0.27
1256, 0.27
1256, 0.27
1335, 0.27
1178, 0.27
1335, 0.27
1413, 0.27
1335, 0.27
1178, 0.27
1335, 0.27
1413, 0.27
1256, 0.27
1256, 0.27
1335, 0.27
1335, 0.27
1256, 0.27
1335, 0.27
1178, 0.27
1178, 0.27
1256, 0.27
1335, 0.27
1256, 0.27
1335, 0.27
1256, 0.27
1256, 0.27
1335, 0.27
1335, 0.27
1256, 0.27
1335, 0.27
1413, 0.27
1256, 0.27
1335, 0.27
1256, 0.27
1178, 0.27
1413, 0.27
1335, 0.27
1335, 0.27
1335, 0.27
1413, 0.27
1335, 0.27
1256, 0.27
1099, 0.27
1335, 0.27
1492, 0.27
1413, 0.27
1335, 0.27
1099, 0.27
1178, 0.27
1256, 0.27
1099, 0.27
1335, 0.27
1256, 0.27
1178, 0.27
1413, 0.27
1256, 0.27
1335, 0.27
1178, 0.27
1178, 0.27
1335, 0.27
1178, 0.27
1178, 0.27
1335, 0.27
1256, 0.27
1256, 0.27
1256, 0.27
1178, 0.27
1256, 0.27
1256, 0.27
1256, 0.27
1335, 0.27
1335, 0.27
1256, 0.27
1256, 0.27
1256, 0.27
1256, 0.27
1335, 0.27
1413, 0.27
1335, 0.27
1335, 0.27
1256, 0.27
1335, 0.27
1335, 0.27
1413, 0.27
1335, 0.27
1335, 0.27
1335, 0.27
1256, 0.27
1256, 0.27
1256, 0.27
1099, 0.27
1335, 0.27
1335, 0.27
1178, 0.27
1413, 0.27
1256, 0.27
1256, 0.27
1335, 0.27
1256, 0.27
1256, 0.27
1256, 0.27
1413, 0.27
1178, 0.27
1178, 0.27
1335, 0.27
1256, 0.27
1335, 0.27
1256, 0.27
1335, 0.27
1335, 0.27
1335, 0.27
1099, 0.27
1178, 0.27
1256, 0.27
1413, 0.27
1413, 0.27
1256, 0.27
1256, 0.27
1256, 0.27
1178, 0.27
1335, 0.27
1256, 0.27
1335, 0.27
1256, 0.27
1413, 0.27
1335, 0.27
1256, 0.27
1335, 0.27
1256, 0.27
1335, 0.27
1335, 0.27
1256, 0.27
1256, 0.27
1335, 0.27
1335, 0.27
1413, 0.27
1335, 0.27
1335, 0.27
1256, 0.27
1256, 0.27
1335, 0.27
1335, 0.27
1413, 0.27
1335, 0.27
1335, 0.27
1256, 0.27
1256, 0.27
1256, 0.27
1335, 0.27
1335, 0.27
1335, 0.27
1256, 0.27
1335, 0.27
1256, 0.27
1335, 0.27
1335, 0.27
1256, 0.27
1335, 0.27
1256, 0.27
1256, 0.27
1413, 0.27
1256, 0.27
1335, 0.27
1335, 0.27
1256, 0.27
1256, 0.27
1335, 0.27
1256, 0.27
1256, 0.27
1413, 0.27
1178, 0.27
1256, 0.27
1335, 0.27
1335, 0.27
1256, 0.27
1256, 0.27
1413, 0.27
1413, 0.27
1413, 0.27
1335, 0.27
1178, 0.27
1335, 0.27
1413, 0.27
1256, 0.27
1256, 0.27
1335, 0.27
1256, 0.27
1335, 0.27
1335, 0.27
1335, 0.27
1178, 0.27
1335, 0.27
1256, 0.27
1178, 0.27
1256, 0.27
1335, 0.27
1178, 0.27
1413, 0.27
1256, 0.27
1413, 0.27
1178, 0.27
1256, 0.27
1335, 0.27
1335, 0.27
1413, 0.27
1335, 0.27
1413, 0.27
1178, 0.27
1335, 0.27
1256, 0.27
1256, 0.27
1178, 0.27
1256, 0.27
1335, 0.27
1256, 0.27
1335, 0.27
1335, 0.27
1256, 0.27
1256, 0.27
1335, 0.27
1256, 0.27
1335, 0.27
1413, 0.27
1335, 0.27
1256, 0.27
1178, 0.27
1178, 0.27
1256, 0.27
1178, 0.27
1335, 0.27
1335, 0.27
1335, 0.27
1256, 0.27
1335, 0.27
1099, 0.27
1413, 0.27
1256, 0.27
1335, 0.27
1335, 0.27
1413, 0.27
1335, 0.27
1413, 0.27
1335, 0.27
1256, 0.27
1178, 0.27
1335, 0.27
1335, 0.27
1335, 0.27
1335, 0.27
1256, 0.27
1335, 0.27
1256, 0.27
1335, 0.27
1256, 0.27
1178, 0.27
1335, 0.27
1256, 0.27
1413, 0.27
1335, 0.27
1256, 0.27
1256, 0.28
1335, 0.28
1335, 0.28
1335, 0.29
1099, 0.29
1335, 0.30
1256, 0.30
1021, 0.31
1099, 0.32
1099, 0.32
1099, 0.33
1178, 0.34
1413, 0.34
1256, 0.35
1099, 0.36
942, 0.36
1413, 0.37
785, 0.37
1178, 0.38
1021, 0.38
1413, 0.39
1413, 0.39
1021, 0.39
1178, 0.40
1256, 0.40
1021, 0.41
1178, 0.41
1178, 0.42
1413, 0.42
1021, 0.42
1178, 0.42
863, 0.42
1099, 0.42
863, 0.42
1256, 0.42
1178, 0.42
785, 0.42
1021, 0.42
785, 0.42
942, 0.42
942, 0.42
628, 0.42
1178, 0.42
863, 0.42
942, 0.42
706, 0.42
863, 0.42
863, 0.42
1021, 0.42
863, 0.42
1099, 0.42
1413, 0.42
1178, 0.42
628, 0.42
1099, 0.42
785, 0.42
549, 0.42
628, 0.42
785, 0.42
942, 0.42
706, 0.42
1021, 0.42
785, 0.42
942, 0.42
942, 0.42
1021, 0.42
549, 0.42
785, 0.42
863, 0.42
628, 0.42
549, 0.42
942, 0.42
785, 0.42
942, 0.42
471, 0.42
706, 0.42
942, 0.42
942, 0.42
942, 0.42
863, 0.42
942, 0.42
942, 0.42
942, 0.42
706, 0.42
706, 0.42
706, 0.42
942, 0.42
549, 0.42
706, 0.42
863, 0.42
785, 0.42
863, 0.42
785, 0.42
706, 0.42
785, 0.42
863, 0.42
785, 0.42
785, 0.42
785, 0.42
863, 0.42
785, 0.42
863, 0.42
706, 0.42
706, 0.42
706, 0.42
785, 0.42
942, 0.42
863, 0.42
863, 0.42
863, 0.42
785, 0.42
706, 0.42
785, 0.42
785, 0.42
863, 0.42
1178, 0.42
628, 0.42
1178, 0.42
549, 0.42
942, 0.42
706, 0.42
863, 0.42
863, 0.42
942, 0.42
628, 0.42
863, 0.42
706, 0.42
863, 0.42
628, 0.42
942, 0.42
863, 0.42
785, 0.42
706, 0.42
863, 0.42
706, 0.42
942, 0.42
785, 0.42
1021, 0.42
863, 0.42
628, 0.42
942, 0.42
863, 0.42
785, 0.42
785, 0.42
628, 0.42
1021, 0.42
942, 0.42
706, 0.42
706, 0.42
706, 0.42
706, 0.42
863, 0.42
863, 0.42
628, 0.42
628, 0.42
785, 0.42
706, 0.42
942, 0.42
863, 0.42
706, 0.42
706, 0.42
1021, 0.42
706, 0.42
785, 0.42
863, 0.42
863, 0.42
785, 0.42
863, 0.42
628, 0.42
863, 0.42
863, 0.42
785, 0.42
863, 0.42
785, 0.42
942, 0.42
706, 0.42
706, 0.42
863, 0.42
863, 0.42
706, 0.42
942, 0.42
942, 0.42
785, 0.42
785, 0.42
863, 0.42
785, 0.42
785, 0.42
942, 0.42
628, 0.42
1021, 0.42
863, 0.42
706, 0.42
1021, 0.42
1021, 0.42
628, 0.42
1099, 0.42
1021, 0.42
1021, 0.42
863, 0.42
628, 0.42
942, 0.42
863, 0.42
706, 0.42
785, 0.42
863, 0.42
863, 0.42
785, 0.42
863, 0.42
863, 0.42
863, 0.42
706, 0.42
549, 0.42
785, 0.42
863, 0.42
706, 0.42
628, 0.42
1178, 0.42
942, 0.42
628, 0.42
1099, 0.42
942, 0.42
785, 0.42
1021, 0.42
1021, 0.42
706, 0.42
863, 0.42
785, 0.42
942, 0.42
863, 0.42
785, 0.42
785, 0.42
863, 0.42
785, 0.42
785, 0.42
942, 0.42
628, 0.42
863, 0.42
942, 0.42
785, 0.42
863, 0.42
785, 0.42
863, 0.42
785, 0.42
785, 0.42
706, 0.42
785, 0.42
785, 0.42
785, 0.42
942, 0.42
785, 0.42
863, 0.42
1021, 0.42
785, 0.42
785, 0.42
706, 0.42
863, 0.42
628, 0.42
942, 0.42
785, 0.42
785, 0.42
785, 0.42
706, 0.42
785, 0.42
863, 0.42
863, 0.42
863, 0.42
706, 0.42
1099, 0.42
706, 0.42
785, 0.42
863, 0.42
706, 0.42
1021, 0.42
863, 0.42
863, 0.42
863, 0.42
942, 0.42
863, 0.42
863, 0.42
706, 0.42
942, 0.42
706, 0.42
942, 0.42
706, 0.42
942, 0.42
706, 0.42
863, 0.42
706, 0.42
628, 0.42
1178, 0.42
942, 0.42
785, 0.42
706, 0.42
1099, 0.42
706, 0.42
628, 0.42
628, 0.42
1021, 0.42
863, 0.42
549, 0.42
942, 0.42
785, 0.42
863, 0.42
785, 0.42
942, 0.42
706, 0.42
706, 0.42
1099, 0.42
785, 0.42
706, 0.42
942, 0.42
549, 0.42
942, 0.42
785, 0.42
785, 0.42
942, 0.42
785, 0.42
785, 0.42
942, 0.42
785, 0.42
706, 0.42
1021, 0.42
942, 0.42
863, 0.42
785, 0.42
706, 0.42
706, 0.42
706, 0.42
706, 0.42
942, 0.42
706, 0.42
863, 0.42
549, 0.42
1256, 0.42
785, 0.42
549, 0.42
942, 0.42
706, 0.42
785, 0.42
785, 0.42
942, 0.42
785, 0.42
863, 0.42
628, 0.42
863, 0.42
628, 0.42
863, 0.42
628, 0.42
942, 0.42
628, 0.42
785, 0.42
1099, 0.42
628, 0.42
1021, 0.42
628, 0.42
785, 0.42
942, 0.42
628, 0.42
1021, 0.42
706, 0.42
863, 0.42
1256, 0.42
706, 0.42
1099, 0.42
706, 0.42
1099, 0.42
785, 0.42
1021, 0.42
863, 0.42
1021, 0.42
1178, 0.42
628, 0.42
785, 0.42
785, 0.42
942, 0.42
706, 0.42
863, 0.42
863, 0.42
785, 0.42
628, 0.42
942, 0.42
785, 0.42
706, 0.42
785, 0.42
785, 0.42
706, 0.42
942, 0.42
706, 0.42
863, 0.42
706, 0.42
863, 0.42
863, 0.42
863, 0.42
863, 0.42
863, 0.42
863, 0.42
785, 0.42
863, 0.42
785, 0.42
942, 0.42
785, 0.42
942, 0.42
706, 0.42
942, 0.42
628, 0.42
785, 0.42
628, 0.42
863, 0.42
628, 0.42
1099, 0.42
549, 0.42
1021, 0.42
1021, 0.42
628, 0.42
1021, 0.42
1099, 0.42
785, 0.42
942, 0.42
549, 0.42
863, 0.42
549, 0.42
1021, 0.42
863, 0.42
863, 0.42
785, 0.42
863, 0.42
863, 0.42
863, 0.42
942, 0.42
628, 0.42
785, 0.42
706, 0.42
863, 0.42
706, 0.42
863, 0.42
785, 0.42
785, 0.42
785, 0.42
628, 0.42
863, 0.42
706, 0.42
942, 0.42
628, 0.42
942, 0.42
706, 0.42
785, 0.42
785, 0.42
785, 0.42
942, 0.42
785, 0.42
942, 0.42
706, 0.42
785, 0.42
785, 0.42
628, 0.42
863, 0.42
706, 0.42
863, 0.42
706, 0.42
785, 0.42
942, 0.42
942, 0.42
863, 0.42
785, 0.42
785, 0.42
785, 0.42
863, 0.42
785, 0.42
863, 0.42
785, 0.42
706, 0.42
863, 0.42
863, 0.42
785, 0.42
863, 0.42
706, 0.42
863, 0.42
863, 0.42
863, 0.42
706, 0.42
706, 0.42
942, 0.42
863, 0.42
785, 0.42
628, 0.42
863, 0.42
942, 0.42
942, 0.42
942, 0.42
549, 0.42
942, 0.42
1021, 0.42
628, 0.42
942, 0.42
863, 0.42
863, 0.42
706, 0.42
942, 0.42
863, 0.42
785, 0.42
785, 0.42
863, 0.42
785, 0.42
863, 0.42
785, 0.42
706, 0.42
706, 0.42
706, 0.42
863, 0.42
785, 0.42
706, 0.42
863, 0.42
942, 0.42
706, 0.42
706, 0.42
863, 0.42
942, 0.42
785, 0.42
785, 0.42
863, 0.42
863, 0.42
706, 0.42
706, 0.42
863, 0.42
942, 0.42
863, 0.42
706, 0.42
863, 0.42
785, 0.42
785, 0.42
785, 0.42
942, 0.42
785, 0.42
706, 0.42
785, 0.42
1021, 0.42
706, 0.42
942, 0.42
942, 0.42
785, 0.42
706, 0.42
785, 0.42
785, 0.42
706, 0.42
706, 0.42
785, 0.42
706, 0.42
785, 0.42
863, 0.42
942, 0.42
942, 0.42
942, 0.42
785, 0.42
1021, 0.42
785, 0.42
706, 0.42
785, 0.42
942, 0.42
785, 0.41
785, 0.41
706, 0.41
628, 0.41
785, 0.41
785, 0.40
863, 0.40
706, 0.40
785, 0.40
628, 0.39
863, 0.39
628, 0.39
942, 0.39
942, 0.38
549, 0.38
1021, 0.38
471, 0.38
863, 0.38
706, 0.38
471, 0.37
785, 0.37
706, 0.37
549, 0.37
1178, 0.37
706, 0.36
785, 0.36
471, 0.36
706, 0.36
785, 0.36
1178, 0.35
1256, 0.35
1021, 0.35
785, 0.35
628, 0.35
1178, 0.35
785, 0.35
1021, 0.34
1021, 0.34
863, 0.34
942, 0.34
942, 0.34
785, 0.34
1099, 0.34
863, 0.34
785, 0.34
1256, 0.34
863, 0.33
1021, 0.33
1021, 0.33
863, 0.33
942, 0.33
785, 0.33
1178, 0.33
863, 0.33
1099, 0.33
785, 0.32
1256, 0.32
1099, 0.32
1021, 0.32
706, 0.32
1021, 0.32
863, 0.32
1099, 0.32
1021, 0.32
1021, 0.31
863, 0.31
942, 0.31
942, 0.31
235, 0.31
1256, 0.31
1021, 0.31
942, 0.31
1021, 0.31
1021, 0.30
1021, 0.30
1099, 0.30
942, 0.30
1099, 0.30
863, 0.30
1099, 0.30
1099, 0.30
1256, 0.30
1178, 0.30
1099, 0.29
1178, 0.29
1021, 0.29
1021, 0.29
628, 0.29
785, 0.29
1099, 0.29
1021, 0.29
942, 0.29
1256, 0.29
706, 0.29
1335, 0.29
1256, 0.28
1256, 0.28
1178, 0.28
1256, 0.28
1021, 0.28
1021, 0.28
1335, 0.28
1099, 0.28
1256, 0.28
1256, 0.28
1099, 0.27
1178, 0.27
863, 0.27
1021, 0.27
1099, 0.27
942, 0.27
942, 0.27
942, 0.27
1492, 0.27
942, 0.27
1256, 0.27
942, 0.27
1335, 0.27
1099, 0.27
1256, 0.27
1492, 0.27
785, 0.27
942, 0.26
1021, 0.26
1256, 0.26
1099, 0.26
1256, 0.26
1335, 0.26
1256, 0.26
1256, 0.26
1178, 0.26
1178, 0.26
1256, 0.26
1335, 0.26
1256, 0.26
1335, 0.26
1492, 0.26
1178, 0.26
1178, 0.26
1099, 0.26
1178, 0.26
1492, 0.26
1099, 0.26
1335, 0.26
1099, 0.26
1335, 0.25
1256, 0.26
1256, 0.26
1256, 0.25
1492, 0.25
1256, 0.25
1335, 0.25
1335, 0.25
1335, 0.25
1256, 0.25
1021, 0.25
1178, 0.25
1335, 0.25
1256, 0.25
1413, 0.25
1178, 0.25
1492, 0.25
1335, 0.25
1335, 0.25
1335, 0.25
1335, 0.25
1256, 0.25
1178, 0.25
1256, 0.25
1256, 0.25
1178, 0.25
1335, 0.25
1335, 0.25
1178, 0.25
1335, 0.25
1335, 0.25
1256, 0.25
1335, 0.25
1256, 0.24
1335, 0.24
1335, 0.24
1335, 0.24
1178, 0.24
1335, 0.24
1492, 0.24
1256, 0.24
1256, 0.24
1335, 0.24
1413, 0.24
1178, 0.24
1335, 0.24
1256, 0.24
1413, 0.24
1335, 0.24
1256, 0.24
1335, 0.24
1178, 0.24
1335, 0.24
1413, 0.24
1256, 0.24
1256, 0.24
1335, 0.24
1178, 0.24
1413, 0.24
1413, 0.24
1021, 0.24
1178, 0.24
1413, 0.24
1335, 0.24
1256, 0.24
1335, 0.24
1335, 0.24
1335, 0.24
1413, 0.24
1335, 0.24
1413, 0.24
1256, 0.24
1335, 0.24
1413, 0.24
1256, 0.24
1335, 0.24
1256, 0.24
1413, 0.24
1256, 0.24
1335, 0.24
1335, 0.24
1256, 0.24
1413, 0.24
1256, 0.24
1413, 0.24
1335, 0.24
1335, 0.24
1335, 0.24
1413, 0.24
1178, 0.24
1335, 0.24
1335, 0.24
1335, 0.24
1256, 0.24
1413, 0.24
1256, 0.24
1335, 0.24
1178, 0.24
1413, 0.24
1335, 0.24
1335, 0.24
1256, 0.24
1335, 0.24
1256, 0.24
1413, 0.24
1335, 0.24
1335, 0.24
1178, 0.24
1335, 0.24
1335, 0.24
1413, 0.24
1256, 0.24
1413, 0.24
1178, 0.24
1413, 0.24
1256, 0.24
1413, 0.24
1413, 0.24
1335, 0.24
1413, 0.24
1335, 0.24
1178, 0.24
1413, 0.24
1335, 0.24
1256, 0.24
1413, 0.24
1335, 0.24
1335, 0.24
1413, 0.24
1335, 0.24
1413, 0.24
1335, 0.24
1335, 0.24
1256, 0.24
1335, 0.24
1413, 0.24
1335, 0.24
1335, 0.24
1335, 0.24
1413, 0.24
1335, 0.24
1256, 0.24
1413, 0.24
1256, 0.24
1335, 0.24
1335, 0.24
1335, 0.24
1335, 0.24
1335, 0.24
1413, 0.24
1413, 0.24
1413, 0.24
1413, 0.24
1256, 0.24
1413, 0.24
1413, 0.24
1335, 0.24
1335, 0.24
1335, 0.24
1256, 0.24
1413, 0.24
1335, 0.24
1256, 0.24
1256, 0.24
1413, 0.24
1256, 0.24
1335, 0.24
1256, 0.24
1256, 0.24
1413, 0.24
1335, 0.24
1413, 0.24
1413, 0.24
1413, 0.24
1413, 0.24
1335, 0.24
1335, 0.24
1335, 0.24
1335, 0.24
1413, 0.24
1413, 0.24
1178, 0.24
1178, 0.24
1335, 0.24
1256, 0.24
1413, 0.24
1335, 0.24
1413, 0.24
1178, 0.24
1413, 0.24
1256, 0.24
1413, 0.24
1256, 0.24
1413, 0.24
1178, 0.24
1335, 0.24
1335, 0.24
1335, 0.24
1099, 0.24
1256, 0.24
1335, 0.24
1335, 0.24
1178, 0.24
1413, 0.24
1256, 0.24
1335, 0.24
1178, 0.24
1413, 0.24
1256, 0.24
1335, 0.24
1178, 0.24
1335, 0.24
1335, 0.24
1413, 0.24
1335, 0.24
1256, 0.24
1335, 0.24
1335, 0.24
1335, 0.24
1335, 0.24
1335, 0.24
1335, 0.24
1413, 0.24
1178, 0.24
1413, 0.24
1413, 0.24
1335, 0.24
1335, 0.24
1335, 0.24
1335, 0.24
1413, 0.24
1335, 0.24
1256, 0.24
1256, 0.24
1413, 0.24
1256, 0.24
1335, 0.24
1335, 0.24
1335, 0.24
1335, 0.24
1335, 0.24
1099, 0.24
1335, 0.24
1335, 0.24
1256, 0.24
1413, 0.24
1335, 0.24
1335, 0.24
1413, 0.24
1335, 0.24
1335, 0.24
1335, 0.24
1099, 0.24
1335, 0.24
1256, 0.24
1413, 0.24
1178, 0.24
1178, 0.24
1335, 0.24
1413, 0.24
1335, 0.24
1413, 0.24
1256, 0.24
1256, 0.24
1256, 0.24
1021, 0.24
1335, 0.24
1335, 0.24
1335, 0.24
1335, 0.24
1413, 0.24
1335, 0.24
1335, 0.24
1335, 0.24
1413, 0.24
1256, 0.24
1335, 0.24
1256, 0.24
1335, 0.24
1413, 0.24
1178, 0.24
1335, 0.24
1413, 0.24
1256, 0.24
1335, 0.24
1413, 0.24
1178, 0.24
1413, 0.24
1335, 0.24
1335, 0.24
1335, 0.24
1256, 0.24
1021, 0.24
1335, 0.24
1256, 0.24
1178, 0.24
1256, 0.24
1413, 0.24
1335, 0.24
1335, 0.24
1335, 0.24
1413, 0.24
1256, 0.24
1335, 0.24
1413, 0.24
1178, 0.24
1413, 0.24
1413, 0.24
1413, 0.24
1178, 0.24
1335, 0.24
1413, 0.24
1413, 0.24
1099, 0.24
1335, 0.24
1256, 0.24
1413, 0.24
1256, 0.24
1335, 0.24
1413, 0.24
1178, 0.24
1413, 0.24
1413, 0.24
1413, 0.24
1178, 0.24
1413, 0.24
1256, 0.24
1335, 0.24
1413, 0.24
1413, 0.24
1413, 0.24
1256, 0.24
1256, 0.24
1335, 0.24
1335, 0.24
1178, 0.24
1256, 0.24
1256, 0.24
1335, 0.24
1335, 0.24
1335, 0.24
1335, 0.24
1335, 0.24
1335, 0.24
1335, 0.24
1413, 0.24
1335, 0.24
1413, 0.24
1413, 0.24
1335, 0.24
1335, 0.24
1256, 0.24
1335, 0.24
1413, 0.24
1335, 0.24
1256, 0.24
1256, 0.24
1335, 0.24
1335, 0.24
1335, 0.24
1413, 0.24
1256, 0.24
1335, 0.24
1413, 0.24
1256, 0.24
1256, 0.24
1335, 0.24
1335, 0.24
1335, 0.24
1335, 0.24
1413, 0.24
1335, 0.24
1335, 0.24
1413, 0.24
1256, 0.24
1413, 0.24
1256, 0.24
1413, 0.24
1335, 0.24
1256, 0.24
1256, 0.24
1256, 0.24
1413, 0.24
1413, 0.24
1335, 0.24
1413, 0.24
1335, 0.24
1256, 0.24
1413, 0.24
1335, 0.24
1335, 0.24
1413, 0.24
1335, 0.24
1335, 0.24
1413, 0.24
1335, 0.24
1335, 0.24
1335, 0.24
1335, 0.24
1335, 0.24
1413, 0.24
1256, 0.24
1413, 0.24
1256, 0.24
1413, 0.24
1178, 0.24
1335, 0.24
1178, 0.24
1335, 0.24
1256, 0.24
1413, 0.24
1335, 0.24
1335, 0.24
1335, 0.24
1335, 0.24
1256, 0.24
1413, 0.24
1335, 0.24
1335, 0.24
1335, 0.24
1335, 0.24
1335, 0.24
1335, 0.24
1256, 0.24
1413, 0.24
1335, 0.24
1256, 0.24
1335, 0.24
1256, 0.24
1413, 0.24
1178, 0.24
1413, 0.24
1256, 0.24
1335, 0.24
1178, 0.24
1335, 0.24
1413, 0.24
1335, 0.24
1256, 0.24
1413, 0.24
1335, 0.24
1178, 0.24
1335, 0.24
1178, 0.24
1413, 0.24
1335, 0.24
1335, 0.24
1413, 0.24
1413, 0.24
1335, 0.24
1413, 0.24
1256, 0.24
1335, 0.24
1021, 0.24
1335, 0.24
1256, 0.24
1335, 0.24
1256, 0.24
1413, 0.24
1178, 0.24
1335, 0.24
1335, 0.24
1413, 0.24
1256, 0.24
1335, 0.24
1413, 0.24
1256, 0.24
1413, 0.24
1335, 0.24
1413, 0.24
1413, 0.24
1413, 0.24
1413, 0.24
1335, 0.24
1335, 0.24
1256, 0.24
1178, 0.24
1335, 0.24
1099, 0.24
1256, 0.24
1335, 0.24
1335, 0.24
1256, 0.24
1413, 0.24
1413, 0.24
1335, 0.24
1099, 0.24
1413, 0.24
1256, 0.24
1178, 0.24
1413, 0.24
1335, 0.24
1178, 0.24
1178, 0.24
1413, 0.24
1178, 0.24
1335, 0.24
1335, 0.24
1413, 0.24
1256, 0.24
1413, 0.24
1335, 0.24
1256, 0.24
1335, 0.24
1413, 0.24
1178, 0.24
1256, 0.24
1335, 0.24
1413, 0.24
1256, 0.24
1256, 0.24
1335, 0.24
1256, 0.24
1413, 0.24
1256, 0.24
1413, 0.24
1335, 0.24
1413, 0.24
1335, 0.24
1335, 0.24
1335, 0.24
1256, 0.24
1335, 0.24
1178, 0.24
1413, 0.24
1178, 0.24
1256, 0.24
1256, 0.24
1335, 0.24
1335, 0.24
1256, 0.24
1413, 0.24
1335, 0.24
1413, 0.24
1413, 0.24
1335, 0.24
1256, 0.24
1256, 0.24
1413, 0.24
1413, 0.24
1413, 0.24
1335, 0.24
1335, 0.24
1413, 0.24
1335, 0.24
1413, 0.24
1178, 0.24
1335, 0.24
1256, 0.24
1413, 0.24
1256, 0.24
1413, 0.24
1099, 0.24
1256, 0.24
1335, 0.24
1335, 0.24
1256, 0.24
1256, 0.24
1178, 0.24
1335, 0.24
1413, 0.24
1335, 0.24
1335, 0.24
1335, 0.24
1335, 0.24
1256, 0.24
1335, 0.24
1099, 0.24
1413, 0.24
1335, 0.24
1413, 0.24
1335, 0.24
1335, 0.24
1335, 0.24
1256, 0.24
1335, 0.24
1335, 0.24
1256, 0.24
1335, 0.24
1335, 0.24
1256, 0.24
1335, 0.24
1413, 0.24
1335, 0.24
1413, 0.24
1099, 0.24
1335, 0.24
1413, 0.24
1178, 0.24
1413, 0.24
1178, 0.24
1413, 0.24
1178, 0.24
1256, 0.24
1413, 0.24
1335, 0.24
1413, 0.24
1335, 0.24
1413, 0.24
1335, 0.24
1335, 0.24
1335, 0.24
1335, 0.24
1178, 0.24
1335, 0.24
1021, 0.24
1099, 0.24
1335, 0.24
1335, 0.24
1256, 0.24
1413, 0.24
1335, 0.24
1413, 0.24
1256, 0.24
1413, 0.24
1335, 0.24
1413, 0.24
1335, 0.24
1335, 0.24
1256, 0.24
1335, 0.24
1335, 0.24
1413, 0.24
1335, 0.24
1335, 0.24
1413, 0.24
1413, 0.24
1335, 0.24
1335, 0.24
1178, 0.24
1335, 0.24
1178, 0.24
1413, 0.24
1256, 0.24
1413, 0.24
1335, 0.24
1178, 0.24
1335, 0.24
1335, 0.24
1335, 0.24
1335, 0.24
1335, 0.24
1256, 0.24
1335, 0.24
1413, 0.24
1178, 0.24
1256, 0.24
1413, 0.24
1335, 0.24
1335, 0.24
1413, 0.24
1335, 0.24
1335, 0.24
1256, 0.24
1413, 0.24
1178, 0.24
1335, 0.24
1335, 0.24
1335, 0.24
1335, 0.24
1335, 0.24
1335, 0.24
1335, 0.24
1335, 0.24
1335, 0.24
1413, 0.24
1335, 0.24
1335, 0.24
1413, 0.24
1335, 0.24
1413, 0.24
1256, 0.24
1335, 0.24
1178, 0.24
1335, 0.24
1335, 0.24
1335, 0.24
1335, 0.24
1335, 0.24
1413, 0.24
1335, 0.24
1413, 0.24
1256, 0.24
1256, 0.24
1413, 0.24
1335, 0.24
1256, 0.24
1335, 0.24
1256, 0.24
1335, 0.24
1256, 0.24
1413, 0.24
1335, 0.24
1178, 0.25
1256, 0.25
1256, 0.25
1413, 0.25
1256, 0.25
1413, 0.25
1413, 0.25
1335, 0.25
1413, 0.26
1335, 0.26
1335, 0.26
1256, 0.26
1335, 0.26
1413, 0.27
1413, 0.27
1335, 0.27
1256, 0.27
1335, 0.28
1335, 0.28
1256, 0.28
1413, 0.29
1335, 0.29
1256, 0.29
1256, 0.30
1099, 0.30
1256, 0.30
1256, 0.31
1178, 0.31
1256, 0.31
1413, 0.32
1413, 0.32
1413, 0.32
1256, 0.33
1256, 0.33
1099, 0.34
1178, 0.34
1178, 0.34
1021, 0.35
1178, 0.35
1178, 0.35
1335, 0.36
1178, 0.36
1178, 0.36
1335, 0.37
1021, 0.37
1178, 0.38
1021, 0.38
1256, 0.38
1178, 0.39
942, 0.39
942, 0.39
1256, 0.39
942, 0.40
1099, 0.40
1178, 0.40
1099, 0.41
942, 0.41
1178, 0.41
1099, 0.41
1178, 0.42
942, 0.42
942, 0.42
863, 0.42
863, 0.43
863, 0.43
863, 0.43
942, 0.43
785, 0.44
706, 0.44
1021, 0.44
863, 0.44
863, 0.44
1099, 0.45
863, 0.45
1099, 0.45
785, 0.45
863, 0.45
863, 0.46
863, 0.46
1099, 0.46
1099, 0.46
785, 0.46
706, 0.46
942, 0.46
1021, 0.46
706, 0.46
942, 0.46
863, 0.46
785, 0.46
863, 0.46
863, 0.46
706, 0.46
942, 0.46
706, 0.46
549, 0.46
863, 0.46
942, 0.46
942, 0.46
1099, 0.46
785, 0.46
628, 0.46
706, 0.46
942, 0.46
628, 0.46
863, 0.46
706, 0.46
785, 0.46
706, 0.46
706, 0.46
863, 0.46
863, 0.46
785, 0.46
785, 0.46
1021, 0.46
706, 0.46
863, 0.46
706, 0.46
942, 0.46
785, 0.46
863, 0.46
706, 0.46
628, 0.46
942, 0.46
863, 0.46
549, 0.46
628, 0.46
863, 0.46
706, 0.46
785, 0.46
628, 0.46
863, 0.46
942, 0.46
785, 0.46
785, 0.46
785, 0.46
785, 0.46
1021, 0.46
863, 0.46
942, 0.46
785, 0.46
706, 0.46
706, 0.46
785, 0.46
706, 0.46
706, 0.46
785, 0.46
549, 0.46
942, 0.46
706, 0.46
942, 0.46
785, 0.46
706, 0.46
785, 0.46
863, 0.46
942, 0.46
706, 0.46
785, 0.46
785, 0.46
628, 0.46
706, 0.46
863, 0.46
785, 0.46
1021, 0.46
785, 0.46
942, 0.46
785, 0.46
628, 0.46
863, 0.46
785, 0.46
785, 0.46
785, 0.46
863, 0.46
785, 0.46
706, 0.46
785, 0.46
706, 0.46
785, 0.46
863, 0.46
863, 0.46
785, 0.46
863, 0.46
706, 0.46
628, 0.46
785, 0.46
706, 0.46
785, 0.46
706, 0.46
706, 0.46
863, 0.46
863, 0.46
942, 0.46
863, 0.46
863, 0.46
706, 0.46
785, 0.46
785, 0.46
706, 0.46
942, 0.46
1021, 0.46
706, 0.46
706, 0.46
863, 0.46
706, 0.46
785, 0.46
706, 0.46
942, 0.46
785, 0.46
863, 0.46
863, 0.46
706, 0.46
942, 0.46
549, 0.46
706, 0.46
863, 0.46
549, 0.46
785, 0.46
1021, 0.46
1021, 0.46
1178, 0.46
1021, 0.46
863, 0.46
471, 0.46
863, 0.46
942, 0.46
628, 0.46
863, 0.46
706, 0.46
1099, 0.46
863, 0.46
706, 0.46
628, 0.46
863, 0.46
785, 0.46
706, 0.46
942, 0.46
785, 0.46
706, 0.46
706, 0.46
471, 0.46
706, 0.46
942, 0.46
863, 0.46
706, 0.46
471, 0.46
785, 0.46
942, 0.46
942, 0.46
785, 0.46
1021, 0.46
942, 0.46
706, 0.46
785, 0.46
785, 0.46
942, 0.46
863, 0.46
785, 0.46
471, 0.46
863, 0.46
942, 0.46
706, 0.46
863, 0.46
863, 0.46
706, 0.46
706, 0.46
1021, 0.46
785, 0.46
942, 0.46
863, 0.46
785, 0.46
785, 0.46
863, 0.46
863, 0.46
706, 0.46
863, 0.46
942, 0.46
863, 0.46
942, 0.46
706, 0.46
785, 0.46
706, 0.46
785, 0.46
706, 0.46
785, 0.46
706, 0.46
706, 0.46
1021, 0.46
1021, 0.46
706, 0.46
785, 0.46
785, 0.46
863, 0.46
785, 0.46
863, 0.46
1099, 0.46
549, 0.46
706, 0.46
785, 0.46
706, 0.46
785, 0.46
1021, 0.46
706, 0.46
628, 0.46
785, 0.46
628, 0.46
863, 0.46
628, 0.46
942, 0.46
785, 0.46
706, 0.46
785, 0.46
942, 0.46
628, 0.46
863, 0.46
942, 0.46
785, 0.46
785, 0.46
863, 0.46
863, 0.46
863, 0.46
785, 0.46
628, 0.46
785, 0.46
863, 0.46
942, 0.46
706, 0.46
628, 0.46
471, 0.46
785, 0.46
785, 0.46
863, 0.46
863, 0.46
785, 0.46
863, 0.46
706, 0.46
942, 0.46
1021, 0.46
942, 0.46
863, 0.46
785, 0.46
1021, 0.46
785, 0.46
706, 0.46
942, 0.46
863, 0.46
549, 0.46
785, 0.46
785, 0.46
785, 0.46
549, 0.46
706, 0.46
785, 0.46
628, 0.46
785, 0.46
628, 0.46
706, 0.46
942, 0.46
785, 0.46
706, 0.46
785, 0.46
706, 0.46
706, 0.46
706, 0.46
1021, 0.46
706, 0.46
706, 0.46
628, 0.46
863, 0.46
863, 0.46
942, 0.46
785, 0.46
863, 0.46
628, 0.46
1021, 0.46
628, 0.46
628, 0.46
549, 0.46
785, 0.46
628, 0.46
942, 0.46
785, 0.46
863, 0.46
549, 0.46
706, 0.46
628, 0.46
863, 0.46
942, 0.46
706, 0.46
1021, 0.46
549, 0.46
785, 0.46
706, 0.46
706, 0.46
1021, 0.46
785, 0.46
785, 0.46
706, 0.46
549, 0.46
863, 0.46
863, 0.46
706, 0.46
942, 0.46
1099, 0.46
706, 0.46
863, 0.46
628, 0.46
863, 0.46
706, 0.46
942, 0.46
863, 0.46
549, 0.46
942, 0.46
628, 0.46
1021, 0.46
863, 0.46
863, 0.46
785, 0.46
785, 0.46
628, 0.46
863, 0.46
942, 0.46
785, 0.46
942, 0.46
1021, 0.46
628, 0.46
785, 0.46
1021, 0.46
706, 0.46
549, 0.46
863, 0.46
942, 0.46
785, 0.46
863, 0.46
785, 0.46
863, 0.46
785, 0.46
942, 0.46
706, 0.46
863, 0.46
863, 0.46
863, 0.46
942, 0.46
785, 0.46
785, 0.46
628, 0.46
942, 0.46
785, 0.46
942, 0.46
785, 0.46
706, 0.46
863, 0.46
785, 0.46
706, 0.46
706, 0.46
706, 0.46
706, 0.46
863, 0.46
863, 0.46
942, 0.46
942, 0.46
706, 0.46
863, 0.46
785, 0.46
863, 0.46
1021, 0.46
706, 0.46
863, 0.46
628, 0.46
942, 0.46
1021, 0.46
706, 0.46
628, 0.46
863, 0.46
1099, 0.46
785, 0.46
785, 0.46
785, 0.46
785, 0.46
706, 0.46
785, 0.46
863, 0.46
863, 0.46
785, 0.46
785, 0.46
706, 0.46
863, 0.46
785, 0.46
942, 0.46
863, 0.46
706, 0.46
785, 0.46
785, 0.46
785, 0.46
785, 0.46
706, 0.46
785, 0.46
942, 0.46
863, 0.46
628, 0.46
785, 0.46
863, 0.46
785, 0.46
942, 0.46
942, 0.46
706, 0.46
628, 0.46
863, 0.46
1021, 0.46
785, 0.46
942, 0.46
549, 0.46
628, 0.46
942, 0.46
706, 0.46
1021, 0.46
1099, 0.46
785, 0.46
706, 0.46
628, 0.46
863, 0.46
785, 0.46
706, 0.46
1021, 0.46
628, 0.46
863, 0.46
785, 0.46
628, 0.46
785, 0.46
785, 0.46
942, 0.46
942, 0.46
785, 0.46
628, 0.46
1021, 0.46
628, 0.46
942, 0.46
785, 0.46
1099, 0.46
785, 0.46
471, 0.46
863, 0.46
706, 0.46
785, 0.46
863, 0.46
1021, 0.46
785, 0.46
785, 0.46
785, 0.46
1021, 0.46
628, 0.46
785, 0.46
1099, 0.46
706, 0.46
785, 0.46
706, 0.46
549, 0.46
942, 0.46
706, 0.46
706, 0.46
706, 0.46
706, 0.46
785, 0.46
785, 0.46
785, 0.46
785, 0.46
942, 0.46
628, 0.46
1021, 0.46
549, 0.46
1021, 0.46
1256, 0.46
1021, 0.46
863, 0.46
628, 0.46
1099, 0.46
863, 0.46
785, 0.46
942, 0.46
1099, 0.46
1021, 0.46
863, 0.46
549, 0.46
942, 0.46
706, 0.46
785, 0.46
863, 0.46
863, 0.46
628, 0.46
628, 0.46
1021, 0.46
863, 0.46
863, 0.46
942, 0.46
785, 0.46
942, 0.46
628, 0.46
706, 0.46
706, 0.46
863, 0.46
1099, 0.46
942, 0.46
1021, 0.46
628, 0.46
942, 0.46
549, 0.46
942, 0.46
628, 0.46
863, 0.46
863, 0.46
706, 0.46
1099, 0.46
1099, 0.46
1021, 0.46
628, 0.46
785, 0.46
942, 0.46
1021, 0.46
706, 0.46
942, 0.46
942, 0.46
942, 0.46
942, 0.46
785, 0.46
628, 0.46
863, 0.46
942, 0.46
1099, 0.46
1256, 0.46
942, 0.46
1021, 0.46
942, 0.46
628, 0.46
628, 0.46
785, 0.46
706, 0.46
549, 0.46
785, 0.46
785, 0.46
863, 0.46
785, 0.46
942, 0.46
863, 0.46
942, 0.46
706, 0.46
863, 0.46
785, 0.46
863, 0.46
706, 0.46
863, 0.46
863, 0.46
628, 0.46
785, 0.46
785, 0.46
706, 0.46
863, 0.46
706, 0.46
1021, 0.46
1021, 0.45
706, 0.45
706, 0.45
785, 0.45
785, 0.45
863, 0.45
863, 0.44
863, 0.44
1021, 0.44
628, 0.44
314, 0.44
942, 0.43
785, 0.43
471, 0.43
706, 0.42
706, 0.42
706, 0.42
1021, 0.41
392, 0.41
785, 0.41
863, 0.40
706, 0.40
863, 0.40
706, 0.39
942, 0.39
942, 0.39
863, 0.39
785, 0.38
785, 0.38
549, 0.38
863, 0.38
942, 0.37
863, 0.37
785, 0.37
1021, 0.37
706, 0.36
863, 0.36
785, 0.36
706, 0.36
706, 0.35
706, 0.35
1099, 0.35
549, 0.35
785, 0.34
863, 0.34
314, 0.34
1335, 0.34
942, 0.34
942, 0.33
706, 0.33
1021, 0.33
785, 0.33
863, 0.32
1178, 0.32
1021, 0.32
1178, 0.32
628, 0.32
1021, 0.32
706, 0.31
1413, 0.31
785, 0.31
785, 0.31
863, 0.31
785, 0.30
1099, 0.30
1021, 0.30
628, 0.30
863, 0.30
1099, 0.30
1413, 0.30
1099, 0.29
785, 0.29
863, 0.29
863, 0.29
863, 0.29
863, 0.29
1256, 0.28
1021, 0.28
1099, 0.28
1099, 0.28
1021, 0.28
942, 0.28
1178, 0.27
1021, 0.27
1178, 0.27
1099, 0.27
1021, 0.27
1256, 0.27
1256, 0.26
1178, 0.26
1256, 0.26
1021, 0.26
1099, 0.26
1021, 0.26
1178, 0.25
1335, 0.25
1021, 0.25
1099, 0.25
1178, 0.25
1178, 0.25
1335, 0.25
1256, 0.24
1335, 0.24
1178, 0.24
942, 0.24
1099, 0.24
1099, 0.24
1335, 0.24
1335, 0.23
942, 0.23
1413, 0.23
1335, 0.23
1256, 0.23
1335, 0.23
1335, 0.23
1335, 0.23
1413, 0.23
1256, 0.22
1256, 0.22
1492, 0.22
1256, 0.22
1413, 0.22
1413, 0.22
1256, 0.22
1335, 0.22
1335, 0.22
1099, 0.22
1256, 0.22
1178, 0.22
1256, 0.22
1256, 0.22
1335, 0.22
1335, 0.22
1335, 0.22
1256, 0.22
1335, 0.22
1178, 0.22
1335, 0.22
1413, 0.22
1335, 0.21
1256, 0.21
1413, 0.21
1335, 0.21
1335, 0.21
1335, 0.21
1335, 0.21
1413, 0.21
1413, 0.21
1413, 0.21
1335, 0.21
1335, 0.21
1413, 0.21
1413, 0.21
1256, 0.21
1335, 0.21
1178, 0.21
1335, 0.21
1256, 0.21
1256, 0.21
1335, 0.21
1178, 0.21
1335, 0.21
1256, 0.21
1413, 0.21
1256, 0.21
1335, 0.21
1335, 0.21
1256, 0.21
1335, 0.21
1335, 0.21
1256, 0.21
1335, 0.21
1335, 0.21
1335, 0.21
1335, 0.21
1335, 0.21
1256, 0.21
1256, 0.21
1335, 0.21
1256, 0.21
1256, 0.21
1178, 0.21
1335, 0.21
1256, 0.21
1335, 0.21
1256, 0.21
1335, 0.21
1178, 0.21
1256, 0.21
1178, 0.21
1335, 0.21
1256, 0.21
1178, 0.21
1335, 0.21
1256, 0.21
1335, 0.21
1335, 0.21
1256, 0.21
1335, 0.21
1256, 0.21
1335, 0.21
1335, 0.21
1178, 0.21
1335, 0.21
1335, 0.21
1256, 0.21
1335, 0.21
1256, 0.21
1256, 0.21
1335, 0.21
1256, 0.21
1335, 0.21
1335, 0.21
1256, 0.21
1256, 0.21
1335, 0.21
1256, 0.21
1335, 0.21
1256, 0.21
1256, 0.21
1335, 0.21
1178, 0.21
1178, 0.21
1335, 0.21
1335, 0.21
1099, 0.21
1256, 0.21
1335, 0.21
1335, 0.21
1178, 0.21
1335, 0.21
1256, 0.21
1256, 0.21
1335, 0.21
1335, 0.21
1256, 0.21
1335, 0.21
1335, 0.21
1256, 0.21
1256, 0.21
1335, 0.21
1335, 0.21
1256, 0.21
1335, 0.21
1335, 0.21
1256, 0.21
1256, 0.21
1335, 0.21
1256, 0.21
1256, 0.21
1099, 0.21
1256, 0.21
1256, 0.21
1335, 0.21
1256, 0.21
1178, 0.21
1178, 0.21
1335, 0.21
1256, 0.21
1178, 0.21
1256, 0.21
1335, 0.21
1256, 0.21
1256, 0.21
1335, 0.21
1178, 0.21
1178, 0.21
1256, 0.21
1335, 0.21
1256, 0.21
1256, 0.21
1335, 0.21
1178, 0.21
1256, 0.21
1335, 0.21
1178, 0.21
1178, 0.21
1335, 0.21
1178, 0.21
1256, 0.21
1178, 0.21
1256, 0.21
1335, 0.21
1335, 0.21
1178, 0.21
1256, 0.21
1335, 0.21
1256, 0.21
1256, 0.21
1335, 0.21
1256, 0.21
1256, 0.21
1335, 0.21
1335, 0.21
1178, 0.21
1256, 0.21
1178, 0.21
1178, 0.21
1335, 0.21
1335, 0.21
1335, 0.21
1256, 0.21
1335, 0.21
1256, 0.21
1178, 0.21
1335, 0.21
1256, 0.21
1256, 0.21
1335, 0.21
1256, 0.21
1256, 0.21
1335, 0.21
1335, 0.21
1256, 0.21
1335, 0.21
1335, 0.21
1256, 0.21
1335, 0.21
1335, 0.21
1256, 0.21
1335, 0.21
1335, 0.21
1178, 0.21
1335, 0.21
1178, 0.21
1099, 0.21
1335, 0.21
1335, 0.21
1178, 0.21
1335, 0.21
1256, 0.21
1178, 0.21
1256, 0.21
1335, 0.21
1335, 0.21
1178, 0.21
1256, 0.21
1335, 0.21
1256, 0.21
1335, 0.21
1335, 0.21
1256, 0.21
1256, 0.21
1256, 0.21
1099, 0.21
1256, 0.21
1335, 0.21
1256, 0.21
1256, 0.21
1335, 0.21
1335, 0.21
1178, 0.21
1256, 0.21
1256, 0.21
1178, 0.21
1335, 0.21
1335, 0.21
1256, 0.21
1256, 0.21
1335, 0.21
1178, 0.21
1178, 0.21
1256, 0.21
1335, 0.21
1256, 0.21
1335, 0.21
1335, 0.21
1256, 0.21
1335, 0.21
1335, 0.21
1335, 0.21
1256, 0.21
1335, 0.21
1335, 0.21
1256, 0.21
1335, 0.21
1335, 0.21
1256, 0.21
1256, 0.21
1335, 0.21
1335, 0.21
1256, 0.21
1335, 0.21
1335, 0.21
1178, 0.21
1256, 0.21
1335, 0.21
1256, 0.21
1256, 0.21
1178, 0.21
1256, 0.21
1178, 0.21
1335, 0.21
1256, 0.21
1335, 0.21
1256, 0.21
1335, 0.21
1335, 0.21
1256, 0.21
1256, 0.21
1335, 0.21
1256, 0.21
1256, 0.21
1335, 0.21
1335, 0.21
1256, 0.21
1335, 0.21
1335, 0.21
1256, 0.21
1335, 0.21
1256, 0.21
1178, 0.21
1256, 0.21
1335, 0.21
1256, 0.21
1178, 0.21
1256, 0.21
1256, 0.21
1256, 0.21
1256, 0.21
1335, 0.21
1256, 0.21
1256, 0.21
1335, 0.21
1335, 0.21
1256, 0.21
1335, 0.21
1335, 0.21
1256, 0.21
1256, 0.21
1335, 0.21
1335, 0.21
1178, 0.21
1335, 0.21
1256, 0.21
1256, 0.21
1256, 0.21
1335, 0.21
1178, 0.21
1178, 0.21
1335, 0.21
1335, 0.21
1256, 0.21
1256, 0.21
1335, 0.21
1256, 0.21
1178, 0.21
1335, 0.21
1256, 0.21
1256, 0.21
1335, 0.21
1335, 0.21
1178, 0.21
1256, 0.21
1256, 0.21
1178, 0.21
1335, 0.21
1335, 0.21
1256, 0.21
1256, 0.21
1335, 0.21
1335, 0.21
1256, 0.21
1335, 0.21
1335, 0.21
1256, 0.21
1256, 0.21
1335, 0.21
1178, 0.21
1256, 0.21
1335, 0.21
1256, 0.21
1256, 0.21
1256, 0.21
1256, 0.21
1256, 0.21
1335, 0.21
1256, 0.21
1178, 0.21
1335, 0.21
1335, 0.21
1178, 0.21
1256, 0.21
1335, 0.21
1335, 0.21
1256, 0.21
1335, 0.21
1256, 0.21
1256, 0.21
1335, 0.21
1256, 0.21
1256, 0.21
1335, 0.21
1335, 0.21
1178, 0.21
1256, 0.21
1256, 0.21
1099, 0.21
1335, 0.21
1335, 0.21
1178, 0.21
1256, 0.21
1335, 0.21
1256, 0.21
1256, 0.21
1335, 0.21
1335, 0.21
1178, 0.21
1256, 0.21
1178, 0.21
1178, 0.21
1256, 0.21
1335, 0.21
1256, 0.21
1256, 0.21
1335, 0.21
1256, 0.21
1178, 0.21
1335, 0.21
1335, 0.21
1256, 0.21
1256, 0.21
1256, 0.21
1178, 0.21
1335, 0.21
1335, 0.21
1256, 0.21
1256, 0.21
1335, 0.21
1256, 0.21
1256, 0.21
1335, 0.21
1256, 0.21
1256, 0.21
1335, 0.21
1335, 0.21
1178, 0.21
1256, 0.21
1335, 0.21
1256, 0.21
1256, 0.21
1178, 0.21
1178, 0.21
1256, 0.21
1256, 0.21
1256, 0.21
1256, 0.21
1335, 0.21
1256, 0.21
1256, 0.21
1335, 0.21
1335, 0.21
1178, 0.21
1335, 0.21
1335, 0.21
1256, 0.21
1178, 0.21
1256, 0.21
1256, 0.21
1256, 0.21
1256, 0.21
1178, 0.21
1335, 0.21
1335, 0.21
1256, 0.21
1256, 0.21
1335, 0.21
1335, 0.21
1256, 0.21
1335, 0.21
1256, 0.21
1256, 0.21
1335, 0.21
1335, 0.21
1178, 0.21
1256, 0.21
1256, 0.21
1178, 0.21
1335, 0.21
1335, 0.21
1178, 0.21
1256, 0.21
1335, 0.21
1335, 0.21
1335, 0.21
1335, 0.21
1178, 0.21
1256, 0.21
1335, 0.21
1256, 0.21
1335, 0.21
1256, 0.21
1256, 0.21
1335, 0.21
1335, 0.21
1178, 0.21
1335, 0.21
1335, 0.21
1178, 0.21
1335, 0.21
1256, 0.21
1256, 0.21
1335, 0.21
1335, 0.21
1178, 0.21
1335, 0.21
1256, 0.21
1256, 0.21
1335, 0.21
1335, 0.21
1256, 0.21
1335, 0.21
1256, 0.21
1256, 0.21
1335, 0.21
1178, 0.21
1335, 0.21
1335, 0.21
1256, 0.21
1256, 0.21
1335, 0.21
1099, 0.21
1335, 0.21
1256, 0.21
1256, 0.21
1335, 0.21
1335, 0.21
1256, 0.21
1256, 0.21
1335, 0.21
1178, 0.21
1335, 0.21
1335, 0.21
1099, 0.21
1335, 0.21
1335, 0.21
1178, 0.21
1335, 0.21
1335, 0.21
1178, 0.21
1256, 0.21
1335, 0.21
1178, 0.21
1178, 0.21
1335, 0.21
1335, 0.21
1178, 0.21
1256, 0.21
1335, 0.21
1178, 0.21
1256, 0.21
1335, 0.21
1256, 0.21
1335, 0.21
1256, 0.21
1178, 0.21
1335, 0.21
1256, 0.21
1256, 0.21
1335, 0.21
1178, 0.21
1178, 0.21
1335, 0.21
1335, 0.21
1099, 0.21
1256, 0.21
1335, 0.21
1256, 0.21
1256, 0.21
1335, 0.21
1335, 0.21
1256, 0.21
1335, 0.21
1256, 0.21
1256, 0.21
1335, 0.21
1256, 0.22
1256, 0.21
1335, 0.21
1335, 0.21
1256, 0.21
1335, 0.21
1335, 0.21
1256, 0.21
1335, 0.21
1335, 0.21
1178, 0.21
1335, 0.21
1335, 0.21
1256, 0.21
1256, 0.21
1335, 0.21
1256, 0.21
1335, 0.21
1335, 0.21
1256, 0.21
1335, 0.21
1335, 0.21
1178, 0.21
1256, 0.21
1335, 0.21
1256, 0.21
1256, 0.21
1335, 0.21
1335, 0.21
1178, 0.21
1335, 0.21
1335, 0.21
1178, 0.21
1256, 0.21
1335, 0.21
1256, 0.21
1335, 0.21
1256, 0.21
1178, 0.21
1335, 0.21
1256, 0.20
1256, 0.20
1256, 0.20
1335, 0.20
1335, 0.20
1256, 0.20
1256, 0.20
1413, 0.20
1335, 0.20
1178, 0.20
1178, 0.20
1256, 0.20
1256, 0.20
1335, 0.20
1335, 0.20
1335, 0.20
1256, 0.19
1256, 0.19
1256, 0.19
1256, 0.19
1256, 0.19
1256, 0.19
1335, 0.19
1335, 0.19
1256, 0.19
1256, 0.19
1178, 0.18
1256, 0.18
1178, 0.18
1256, 0.18
1256, 0.18
1256, 0.18
1178, 0.18
1256, 0.18
1178, 0.18
1256, 0.18
1256, 0.18
1256, 0.18
1099, 0.18
1256, 0.18
1178, 0.17
1256, 0.17
1099, 0.17
1178, 0.17
1256, 0.17
1256, 0.17
1256, 0.17
1099, 0.17
1256, 0.17
1256, 0.17
1178, 0.17
1178, 0.17
1178, 0.17
1178, 0.16
1178, 0.16
1256, 0.16
1256, 0.16
1178, 0.16
1178, 0.16
1178, 0.16
1178, 0.16
1178, 0.16
1099, 0.16
1178, 0.16
1256, 0.16
1178, 0.15
1178, 0.15
1178, 0.15
1178, 0.15
1178, 0.15
1178, 0.15
1178, 0.15
1178, 0.15
1178, 0.15
1178, 0.15
1178, 0.15
1178, 0.15
1178, 0.15
1178, 0.14
1099, 0.14
1099, 0.14
1178, 0.14
1178, 0.14
1178, 0.14
1178, 0.14
1178, 0.14
1178, 0.14
1178, 0.14
1099, 0.14
1099, 0.14
1099, 0.14
1178, 0.14
1099, 0.14
1099, 0.14
1099, 0.14
1099, 0.14
1099, 0.14
1099, 0.14
1099, 0.14
1099, 0.14
1021, 0.14
1099, 0.14
1099, 0.13
1021, 0.13
1099, 0.13
1099, 0.13
1021, 0.13
1021, 0.13
1099, 0.13
1099, 0.13
1099, 0.13
1099, 0.13
1021, 0.13
1021, 0.13
1021, 0.13
1021, 0.13
1021, 0.13
1021, 0.13
1021, 0.13
1021, 0.13
1021, 0.13
1099, 0.13
1099, 0.13
1099, 0.13
1099, 0.13
1021, 0.13
1021, 0.13
1021, 0.13
1021, 0.13
1099, 0.13
1021, 0.13
1021, 0.13
1021, 0.13
1099, 0.13
1021, 0.13
1021, 0.13
1021, 0.13
1099, 0.13
1021, 0.13
1021, 0.13
1021, 0.13
1021, 0.13
1021, 0.13
1021, 0.13
1021, 0.13
1021, 0.13
1021, 0.13
1021, 0.13
1021, 0.13
1021, 0.13
1021, 0.12
1021, 0.13
1021, 0.12
1021, 0.12
1021, 0.12
942, 0.12
1021, 0.12
1021, 0.12
1021, 0.12
942, 0.12
1021, 0.12
1021, 0.12
1021, 0.12
1021, 0.12
942, 0.12
942, 0.12
942, 0.12
942, 0.12
942, 0.12
942, 0.12
942, 0.12
942, 0.12
942, 0.12
942, 0.12
942, 0.12
942, 0.12
942, 0.12
942, 0.12
942, 0.12
942, 0.12
942, 0.12
1021, 0.12
1021, 0.12
1021, 0.12
942, 0.12
942, 0.12
942, 0.12
942, 0.12
1021, 0.12
1021, 0.12
942, 0.12
942, 0.12
942, 0.12
1021, 0.12
942, 0.12
942, 0.11
942, 0.12
1021, 0.11
942, 0.11
942, 0.11
942, 0.11
1021, 0.11
942, 0.11
942, 0.11
1021, 0.11
942, 0.11
942, 0.11
1021, 0.11
942, 0.11
942, 0.11
942, 0.11
942, 0.11
942, 0.11
1021, 0.11
942, 0.11
942, 0.11
1021, 0.11
942, 0.11
942, 0.11
942, 0.11
942, 0.11
1021, 0.11
942, 0.11
942, 0.11
1021, 0.11
942, 0.11
942, 0.11
942, 0.11
942, 0.11
942, 0.11
942, 0.11
942, 0.11
942, 0.11
942, 0.11
942, 0.11
942, 0.11
942, 0.11
942, 0.11
942, 0.11
942, 0.11
942, 0.10
942, 0.10
942, 0.10
863, 0.10
942, 0.10
942, 0.10
942, 0.10
942, 0.10
942, 0.10
863, 0.10
863, 0.10
942, 0.10
942, 0.10
942, 0.10
942, 0.10
942, 0.10
942, 0.10
942, 0.10
942, 0.10
942, 0.10
942, 0.10
942, 0.09
942, 0.09
942, 0.09
863, 0.09
863, 0.09
863, 0.09
863, 0.09
942, 0.09
942, 0.09
863, 0.09
863, 0.09
863, 0.09
942, 0.09
863, 0.09
863, 0.09
863, 0.09
863, 0.09
863, 0.09
863, 0.08
863, 0.08
863, 0.08
863, 0.08
863, 0.08
863, 0.08
863, 0.08
863, 0.08
863, 0.08
863, 0.08
863, 0.08
863, 0.08
863, 0.08
785, 0.08
863, 0.08
863, 0.08
863, 0.08
863, 0.08
863, 0.08
785, 0.08
785, 0.08
785, 0.08
785, 0.08
785, 0.08
785, 0.08
863, 0.08
863, 0.08
863, 0.08
785, 0.08
785, 0.08
863, 0.08
785, 0.08
785, 0.08
863, 0.08
785, 0.08
785, 0.08
785, 0.08
785, 0.08
785, 0.08
785, 0.08
785, 0.08
863, 0.08
785, 0.08
785, 0.08
785, 0.08
785, 0.08
785, 0.08
785, 0.08
785, 0.08
785, 0.08
785, 0.08
785, 0.08
706, 0.08
785, 0.08
785, 0.08
785, 0.08
785, 0.08
785, 0.08
785, 0.08
785, 0.08
785, 0.08
785, 0.08
785, 0.08
785, 0.08
785, 0.08
785, 0.08
785, 0.08
785, 0.08
785, 0.08
785, 0.08
785, 0.08
706, 0.08
706, 0.08
706, 0.08
785, 0.08
785, 0.08
785, 0.08
785, 0.08
706, 0.08
706, 0.08
785, 0.08
785, 0.08
785, 0.08
706, 0.08
706, 0.08
785, 0.08
706, 0.08
706, 0.08
706, 0.08
785, 0.08
706, 0.08
706, 0.08
785, 0.08
706, 0.08
706, 0.08
785, 0.08
706, 0.08
706, 0.08
785, 0.08
706, 0.08
706, 0.08
785, 0.08
706, 0.08
706, 0.08
785, 0.08
706, 0.08
706, 0.08
785, 0.08
706, 0.08
785, 0.08
706, 0.08
706, 0.08
785, 0.08
706, 0.08
785, 0.08
706, 0.08
706, 0.08
706, 0.08
706, 0.08
785, 0.08
706, 0.08
785, 0.08
706, 0.08
706, 0.08
706, 0.08
706, 0.08
706, 0.08
706, 0.08
785, 0.08
706, 0.08
785, 0.08
706, 0.08
785, 0.08
706, 0.08
706, 0.08
706, 0.08
706, 0.08
706, 0.08
706, 0.08
706, 0.08
706, 0.08
706, 0.08
706, 0.08
706, 0.08
706, 0.08
785, 0.08
706, 0.08
785, 0.08
706, 0.08
785, 0.08
706, 0.08
785, 0.08
706, 0.08
706, 0.08
706, 0.08
706, 0.08
706, 0.08
706, 0.08
706, 0.08
706, 0.08
706, 0.08
706, 0.08
706, 0.08
706, 0.08
706, 0.08
706, 0.08
706, 0.08
706, 0.08
706, 0.08
706, 0.08
706, 0.08
706, 0.08
706, 0.08
706, 0.08
706, 0.08
706, 0.08
706, 0.08
706, 0.08
706, 0.08
706, 0.08
706, 0.08
785, 0.08
706, 0.08
785, 0.08
706, 0.08
785, 0.08
706, 0.08
785, 0.08
706, 0.08
785, 0.08
706, 0.08
785, 0.08
706, 0.08
706, 0.08
706, 0.08
706, 0.08
706, 0.08
706, 0.08
706, 0.08
706, 0.08
706, 0.08
706, 0.08
706, 0.08
706, 0.08
706, 0.08
706, 0.08
785, 0.08
706, 0.08
785, 0.08
706, 0.08
785, 0.08
706, 0.08
785, 0.08
706, 0.08
785, 0.08
706, 0.08
785, 0.08
706, 0.08
785, 0.08
706, 0.08
785, 0.08
706, 0.08
706, 0.08
706, 0.08
706, 0.08
706, 0.08
706, 0.08
706, 0.08
706, 0.08
706, 0.08
706, 0.08
706, 0.08
706, 0.08
706, 0.08
706, 0.08
706, 0.08
706, 0.08
706, 0.08
706, 0.08
706, 0.08
706, 0.08
785, 0.08
706, 0.08
785, 0.08
706, 0.08
785, 0.08
706, 0.08
785, 0.08
706, 0.08
785, 0.08
706, 0.08
785, 0.08
706, 0.08
785, 0.08
706, 0.08
785, 0.08
706, 0.08
785, 0.08
706, 0.08
785, 0.08
706, 0.08
785, 0.08
706, 0.08
785, 0.08
706, 0.08
785, 0.08
706, 0.08
785, 0.08
706, 0.08
785, 0.08
706, 0.08
785, 0.08
706, 0.08
785, 0.08
706, 0.08
785, 0.08
706, 0.08
706, 0.08
706, 0.08
706, 0.08
706, 0.08
706, 0.08
706, 0.08
706, 0.08
706, 0.08
706, 0.08
706, 0.08
706, 0.08
706, 0.08
706, 0.08
706, 0.08
706, 0.08
706, 0.08
706, 0.08
706, 0.08
706, 0.08
706, 0.08
706, 0.08
706, 0.08
706, 0.08
706, 0.08
706, 0.08
706, 0.08
706, 0.08
706, 0.08
706, 0.08
706, 0.08
706, 0.08
706, 0.08
706, 0.08
706, 0.08
706, 0.08
706, 0.08
706, 0.08
706, 0.08
706, 0.08
706, 0.08
706, 0.08
706, 0.08
706, 0.08
706, 0.08
706, 0.08
706, 0.08
706, 0.08
706, 0.08
706, 0.08
706, 0.08
706, 0.08
706, 0.08
706, 0.08
706, 0.08
706, 0.08
706, 0.08
706, 0.08
706, 0.08
706, 0.08
706, 0.08
706, 0.08
706, 0.08
706, 0.08
706, 0.08
706, 0.08
706, 0.08
706, 0.08
706, 0.08
706, 0.08
706, 0.08
706, 0.08
706, 0.08
706, 0.08
706, 0.08
706, 0.08
706, 0.08
706, 0.08
706, 0.08
706, 0.08
706, 0.08
706, 0.08
706, 0.08
706, 0.08
706, 0.08
706, 0.08
706, 0.08
706, 0.08
706, 0.08
706, 0.08
785, 0.08
706, 0.08
785, 0.08
706, 0.08
785, 0.08
706, 0.08
785, 0.08
706, 0.08
785, 0.08
706, 0.08
785, 0.08
706, 0.09
706, 0.09
785, 0.09
706, 0.09
706, 0.10
785, 0.10
706, 0.10
706, 0.11
785, 0.11
785, 0.11
785, 0.12
785, 0.12
785, 0.13
785, 0.13
785, 0.13
785, 0.14
785, 0.15
785, 0.15
785, 0.16
785, 0.16
863, 0.17
785, 0.17
785, 0.18
863, 0.18
863, 0.19
863, 0.20
863, 0.20
863, 0.21
863, 0.22
863, 0.23
942, 0.23
942, 0.24
942, 0.24
1021, 0.25
1021, 0.25
942, 0.26
1021, 0.27
1021, 0.27
1021, 0.28
1021, 0.28
1099, 0.29
1099, 0.30
1021, 0.30
1099, 0.30
1178, 0.31
1178, 0.31
1256, 0.32
1256, 0.32
1178, 0.32
1178, 0.33
1256, 0.33
1256, 0.34
1335, 0.34
1335, 0.34
1256, 0.35
1335, 0.35
1335, 0.35
1335, 0.35
1413, 0.36
1256, 0.36
1335, 0.36
1335, 0.37
1178, 0.37
1099, 0.37
1413, 0.37
1256, 0.37
1256, 0.38
1178, 0.38
1178, 0.38
1099, 0.38
1256, 0.38
1256, 0.38
1413, 0.38
1021, 0.38
942, 0.38
1021, 0.38
863, 0.38
1021, 0.38
1335, 0.38
1099, 0.38
1178, 0.38
1099, 0.38
942, 0.38
1178, 0.38
942, 0.38
785, 0.38
1178, 0.38
942, 0.38
1178, 0.38
1021, 0.38
863, 0.38
1021, 0.38
863, 0.38
1099, 0.38
863, 0.38
942, 0.38
1099, 0.38
1099, 0.38
1021, 0.38
1021, 0.38
1021, 0.38
1021, 0.38
1256, 0.38
706, 0.38
706, 0.38
1570, 0.38
706, 0.38
1492, 0.38
1335, 0.38
314, 0.38
314, 0.38
392, 0.38
549, 0.38
1178, 0.38
863, 0.38
1099, 0.38
785, 0.38
1099, 0.38
785, 0.38
863, 0.38
1021, 0.38
863, 0.38
1021, 0.38
785, 0.38
1178, 0.38
628, 0.38
942, 0.38
942, 0.38
863, 0.38
863, 0.38
785, 0.38
1099, 0.38
1178, 0.38
1178, 0.38
1021, 0.38
863, 0.38
1099, 0.38
1178, 0.38
1099, 0.38
942, 0.38
1021, 0.38
863, 0.38
1178, 0.38
1021, 0.38
628, 0.38
1178, 0.38
942, 0.38
863, 0.38
785, 0.38
1178, 0.38
785, 0.38
706, 0.38
1021, 0.38
942, 0.38
942, 0.38
863, 0.38
628, 0.38
549, 0.38
863, 0.38
1178, 0.38
942, 0.38
1099, 0.38
942, 0.38
1099, 0.38
706, 0.38
628, 0.38
785, 0.38
785, 0.38
785, 0.38
785, 0.38
942, 0.38
863, 0.38
942, 0.38
863, 0.38
942, 0.38
1021, 0.38
785, 0.38
785, 0.38
863, 0.38
785, 0.38
863, 0.38
1021, 0.38
863, 0.38
706, 0.38
785, 0.38
706, 0.38
706, 0.38
549, 0.38
863, 0.38
942, 0.38
785, 0.38
1021, 0.38
942, 0.38
863, 0.38
1021, 0.38
785, 0.38
706, 0.38
1021, 0.38
863, 0.38
785, 0.38
942, 0.38
863, 0.38
706, 0.38
706, 0.38
863, 0.38
1178, 0.38
1021, 0.38
942, 0.38
1021, 0.38
1021, 0.38
1021, 0.38
1099, 0.38
1021, 0.38
1099, 0.38
1178, 0.38
942, 0.38
1021, 0.38
785, 0.38
1099, 0.38
1099, 0.38
1021, 0.38
1021, 0.38
863, 0.38
1099, 0.38
1021, 0.38
863, 0.38
785, 0.38
1021, 0.38
863, 0.38
1021, 0.38
1099, 0.38
1099, 0.38
1021, 0.38
706, 0.38
1178, 0.38
863, 0.38
863, 0.38
863, 0.38
1021, 0.38
942, 0.38
863, 0.38
628, 0.38
942, 0.38
1021, 0.38
942, 0.38
785, 0.38
1021, 0.38
1021, 0.38
1021, 0.38
863, 0.38
628, 0.38
785, 0.38
706, 0.38
863, 0.38
1099, 0.38
942, 0.38
1099, 0.38
942, 0.38
863, 0.38
1021, 0.38
1021, 0.38
706, 0.38
863, 0.38
1021, 0.38
1099, 0.38
1021, 0.38
863, 0.38
942, 0.38
1178, 0.38
1178, 0.38
942, 0.38
942, 0.38
1099, 0.38
942, 0.38
1099, 0.38
1099, 0.38
1099, 0.38
785, 0.38
1021, 0.38
785, 0.38
706, 0.38
785, 0.38
942, 0.38
628, 0.38
1021, 0.38
1021, 0.38
942, 0.38
863, 0.38
1021, 0.38
1021, 0.38
706, 0.38
942, 0.38
942, 0.38
942, 0.38
1178, 0.38
942, 0.38
1021, 0.38
863, 0.38
863, 0.38
785, 0.38
785, 0.38
1021, 0.38
863, 0.38
942, 0.38
1021, 0.38
1021, 0.38
942, 0.38
785, 0.38
942, 0.38
942, 0.38
1099, 0.38
1099, 0.38
628, 0.38
942, 0.38
942, 0.38
1021, 0.38
785, 0.38
549, 0.38
863, 0.38
1021, 0.38
785, 0.38
706, 0.38
1099, 0.38
706, 0.38
1021, 0.38
863, 0.38
863, 0.38
1178, 0.38
1178, 0.38
1021, 0.38
863, 0.38
863, 0.38
942, 0.38
628, 0.38
785, 0.38
942, 0.38
1099, 0.38
1021, 0.38
942, 0.38
863, 0.38
706, 0.38
1021, 0.38
1021, 0.38
1099, 0.38
942, 0.38
942, 0.38
1099, 0.38
1178, 0.38
1099, 0.38
942, 0.38
706, 0.38
628, 0.38
785, 0.38
785, 0.38
706, 0.38
785, 0.38
785, 0.38
942, 0.38
942, 0.38
863, 0.38
785, 0.38
942, 0.38
785, 0.38
1021, 0.38
1021, 0.38
628, 0.38
863, 0.38
942, 0.38
1099, 0.38
1021, 0.38
706, 0.38
942, 0.38
1021, 0.38
1099, 0.38
785, 0.38
942, 0.38
785, 0.38
785, 0.38
863, 0.38
942, 0.38
942, 0.38
1021, 0.38
1884, 0.38
785, 0.38
785, 0.38
1021, 0.38
942, 0.38
1178, 0.38
785, 0.38
706, 0.38
706, 0.38
1099, 0.38
1099, 0.38
785, 0.38
863, 0.38
863, 0.38
942, 0.38
942, 0.38
942, 0.38
942, 0.38
1021, 0.38
863, 0.38
785, 0.38
785, 0.38
549, 0.38
942, 0.38
549, 0.38
863, 0.38
706, 0.38
785, 0.38
1178, 0.38
1021, 0.38
785, 0.38
863, 0.38
863, 0.38
942, 0.38
785, 0.38
1099, 0.38
863, 0.38
942, 0.38
785, 0.38
942, 0.38
1021, 0.38
942, 0.38
1021, 0.38
863, 0.38
785, 0.38
863, 0.38
942, 0.38
785, 0.38
942, 0.38
1021, 0.38
1021, 0.38
785, 0.38
863, 0.38
1021, 0.38
942, 0.38
1099, 0.38
785, 0.38
785, 0.38
942, 0.38
785, 0.38
942, 0.38
942, 0.38
863, 0.38
706, 0.38
1021, 0.38
1178, 0.38
785, 0.38
706, 0.38
942, 0.38
942, 0.38
1178, 0.38
1021, 0.38
863, 0.38
942, 0.38
785, 0.38
863, 0.38
1178, 0.38
942, 0.38
863, 0.38
1178, 0.38
1099, 0.38
785, 0.38
1021, 0.38
706, 0.38
785, 0.38
863, 0.38
1099, 0.38
785, 0.38
1021, 0.38
1178, 0.38
785, 0.38
942, 0.38
942, 0.38
1178, 0.38
1021, 0.38
706, 0.38
706, 0.38
706, 0.38
706, 0.38
863, 0.38
863, 0.38
942, 0.38
1021, 0.38
863, 0.38
785, 0.38
785, 0.38
942, 0.38
1099, 0.38
863, 0.38
785, 0.38
706, 0.38
1256, 0.38
785, 0.38
785, 0.38
942, 0.38
1099, 0.38
706, 0.38
942, 0.38
785, 0.38
1099, 0.38
942, 0.38
706, 0.38
863, 0.38
1178, 0.38
706, 0.38
942, 0.38
1021, 0.38
942, 0.38
549, 0.38
942, 0.38
1021, 0.38
1021, 0.38
1021, 0.38
942, 0.38
942, 0.38
785, 0.38
942, 0.38
942, 0.38
1099, 0.38
706, 0.38
785, 0.38
863, 0.38
1178, 0.38
785, 0.38
863, 0.38
942, 0.38
1099, 0.38
863, 0.38
863, 0.38
1099, 0.38
706, 0.38
863, 0.38
1178, 0.38
1099, 0.38
863, 0.38
863, 0.38
863, 0.38
863, 0.38
942, 0.38
863, 0.38
1021, 0.38
1021, 0.38
785, 0.38
785, 0.38
863, 0.38
1256, 0.38
942, 0.38
863, 0.38
863, 0.38
1021, 0.38
1021, 0.38
942, 0.38
942, 0.38
1256, 0.38
706, 0.38
942, 0.38
1021, 0.38
628, 0.38
942, 0.38
1099, 0.38
863, 0.38
1021, 0.38
863, 0.38
942, 0.38
942, 0.38
1178, 0.38
706, 0.38
942, 0.38
1178, 0.38
706, 0.38
1178, 0.38
863, 0.38
1099, 0.38
863, 0.38
863, 0.38
863, 0.38
942, 0.38
863, 0.38
863, 0.38
1256, 0.38
706, 0.38
863, 0.38
1178, 0.38
628, 0.38
1099, 0.38
1099, 0.38
863, 0.38
942, 0.38
863, 0.38
863, 0.38
1099, 0.38
942, 0.38
1021, 0.38
863, 0.38
785, 0.38
1178, 0.38
549, 0.38
863, 0.38
1256, 0.38
1099, 0.38
1178, 0.38
1021, 0.38
942, 0.38
942, 0.38
1021, 0.38
1021, 0.38
1021, 0.38
863, 0.38
785, 0.38
628, 0.38
942, 0.38
1021, 0.38
942, 0.38
863, 0.38
785, 0.38
785, 0.38
1021, 0.38
942, 0.38
785, 0.38
706, 0.38
549, 0.38
863, 0.38
706, 0.38
863, 0.38
1021, 0.38
942, 0.38
942, 0.38
863, 0.38
1099, 0.38
942, 0.38
1021, 0.38
785, 0.38
1021, 0.38
628, 0.38
628, 0.38
1335, 0.38
785, 0.38
1178, 0.38
863, 0.38
942, 0.38
942, 0.38
863, 0.38
1021, 0.37
706, 0.37
1492, 0.37
1099, 0.37
1099, 0.37
785, 0.37
1021, 0.37
863, 0.37
1099, 0.37
863, 0.36
942, 0.36
942, 0.36
942, 0.36
1021, 0.35
942, 0.35
863, 0.34
1099, 0.34
1099, 0.34
1099, 0.33
706, 0.33
942, 0.33
1099, 0.32
785, 0.32
549, 0.31
1256, 0.31
1021, 0.30
1021, 0.30
863, 0.30
1021, 0.29
863, 0.29
1256, 0.28
1335, 0.28
863, 0.27
1021, 0.27
863, 0.27
942, 0.26
1021, 0.26
1021, 0.25
1021, 0.25
1099, 0.24
1099, 0.24
1256, 0.24
785, 0.23
1021, 0.23
1256, 0.23
1178, 0.22
1178, 0.22
1021, 0.22
863, 0.22
863, 0.22
1256, 0.22
1335, 0.22
1178, 0.22
1256, 0.21
1335, 0.21
1335, 0.21
1099, 0.21
1256, 0.21
1413, 0.21
1099, 0.21
1256, 0.21
1099, 0.21
1099, 0.21
1492, 0.21
1178, 0.21
1256, 0.21
1335, 0.21
1335, 0.21
1335, 0.21
1413, 0.21
1413, 0.21
1178, 0.21
1099, 0.21
1335, 0.21
1335, 0.21
1335, 0.21
1335, 0.21
1335, 0.21
1413, 0.21
1413, 0.21
1099, 0.21
1413, 0.21
1256, 0.21
1413, 0.21
1413, 0.21
1256, 0.21
1413, 0.21
1413, 0.21
1335, 0.21
1256, 0.21
1335, 0.21
1335, 0.21
1413, 0.21
1335, 0.21
1413, 0.21
1256, 0.21
1178, 0.21
1256, 0.21
1256, 0.21
1335, 0.21
1413, 0.21
1413, 0.21
1335, 0.21
1256, 0.21
1178, 0.21
1335, 0.21
1335, 0.21
1335, 0.21
1335, 0.21
1335, 0.21
1335, 0.21
1335, 0.21
1335, 0.21
1335, 0.21
1256, 0.21
1256, 0.21
1335, 0.21
1335, 0.21
1256, 0.21
1256, 0.21
1335, 0.21
1335, 0.21
1256, 0.21
1256, 0.21
1335, 0.21
1335, 0.21
1335, 0.21
1335, 0.21
1335, 0.21
1256, 0.21
1335, 0.21
1256, 0.21
1178, 0.21
1256, 0.21
1256, 0.21
1256, 0.21
1335, 0.21
1335, 0.21
1335, 0.21
1335, 0.21
1256, 0.21
1178, 0.21
1335, 0.21
1256, 0.21
1335, 0.21
1256, 0.21
1335, 0.21
1256, 0.21
1256, 0.21
1335, 0.21
1256, 0.21
1335, 0.21
1335, 0.21
1256, 0.21
1256, 0.21
1335, 0.21
1178, 0.21
1335, 0.21
1256, 0.21
1335, 0.21
1335, 0.21
1256, 0.21
1256, 0.21
1335, 0.21
1256, 0.21
1335, 0.21
1335, 0.21
1256, 0.21
1256, 0.21
1335, 0.21
1099, 0.21
1335, 0.21
1335, 0.21
1256, 0.21
1335, 0.21
1256, 0.21
1256, 0.21
1335, 0.21
1256, 0.21
1256, 0.21
1335, 0.21
1256, 0.21
1256, 0.21
1335, 0.21
1335, 0.21
1256, 0.21
1335, 0.21
1335, 0.21
1256, 0.21
1335, 0.21
1335, 0.21
1256, 0.21
1256, 0.21
1335, 0.21
1099, 0.21
1256, 0.21
1335, 0.21
1256, 0.21
1335, 0.21
1256, 0.21
1256, 0.21
1335, 0.21
1335, 0.21
1256, 0.21
1335, 0.21
1335, 0.21
1178, 0.21
1256, 0.21
1256, 0.21
1178, 0.21
1335, 0.21
1335, 0.21
1256, 0.21
1256, 0.21
1335, 0.21
1335, 0.21
1256, 0.21
1335, 0.21
1256, 0.21
1178, 0.21
1335, 0.21
1256, 0.21
1178, 0.21
1256, 0.21
1335, 0.21
1335, 0.21
1256, 0.21
1335, 0.21
1256, 0.21
1256, 0.21
1256, 0.21
1256, 0.21
1335, 0.21
1256, 0.21
1256, 0.21
1335, 0.21
1178, 0.21
1256, 0.21
1335, 0.21
1256, 0.21
1256, 0.21
1335, 0.21
1335, 0.21
1256, 0.21
1178, 0.21
1335, 0.21
1335, 0.21
1256, 0.21
1256, 0.21
1335, 0.21
1256, 0.21
1256, 0.21
1256, 0.21
1335, 0.21
1256, 0.21
1335, 0.21
1256, 0.21
1178, 0.21
1256, 0.21
1335, 0.21
1335, 0.21
1178, 0.21
1335, 0.21
1335, 0.21
1256, 0.21
1256, 0.21
1335, 0.21
1099, 0.21
1178, 0.21
1335, 0.21
1335, 0.21
1256, 0.21
1335, 0.21
1335, 0.21
1256, 0.21
1256, 0.21
1335, 0.21
1178, 0.21
1178, 0.21
1335, 0.21
1256, 0.21
1256, 0.21
1335, 0.21
1335, 0.21
1256, 0.21
1256, 0.21
1256, 0.21
1178, 0.21
1335, 0.21
1335, 0.21
1256, 0.21
1335, 0.21
1335, 0.21
1178, 0.21
1178, 0.21
1335, 0.21
1256, 0.21
1099, 0.21
1256, 0.21
1256, 0.21
1256, 0.21
1335, 0.21
1256, 0.21
1178, 0.21
1256, 0.21
1335, 0.21
1256, 0.21
1178, 0.21
1256, 0.21
1256, 0.21
1256, 0.21
1335, 0.21
1256, 0.21
1178, 0.21
1256, 0.21
1335, 0.21
1256, 0.21
1335, 0.21
1256, 0.21
1178, 0.21
1256, 0.21
2670, 0.21
1178, 0.21
1178, 0.21
1335, 0.21
1256, 0.21
1178, 0.21
1335, 0.21
1335, 0.21
1256, 0.21
1335, 0.21
1335, 0.21
1335, 0.21
1256, 0.21
1335, 0.21
1335, 0.21
1256, 0.21
1335, 0.21
1335, 0.21
1256, 0.21
1335, 0.21
1335, 0.21
1256, 0.21
1256, 0.21
1335, 0.21
1178, 0.21
1178, 0.21
1335, 0.21
1256, 0.21
1178, 0.21
1256, 0.21
1335, 0.21
1256, 0.21
1335, 0.21
1335, 0.21
1256, 0.21
1178, 0.21
1335, 0.21
1335, 0.21
1256, 0.21
1335, 0.21
1335, 0.21
1256, 0.21
1256, 0.21
1335, 0.21
1335, 0.21
1178, 0.21
1335, 0.21
1256, 0.21
1256, 0.20
1256, 0.20
1335, 0.20
1256, 0.20
1178, 0.20
1178, 0.19
1335, 0.19
1335, 0.19
1256, 0.18
1335, 0.18
1256, 0.18
1256, 0.18
1256, 0.18
1256, 0.17
1256, 0.17
1256, 0.17
1178, 0.16
1256, 0.16
1256, 0.16
1256, 0.15
1256, 0.15
1256, 0.15
1178, 0.14
1256, 0.14
1099, 0.14
1178, 0.14
1178, 0.13
1178, 0.13
1256, 0.13
1256, 0.13
1256, 0.12
1256, 0.12
1178, 0.12
1178, 0.12
1178, 0.12
1178, 0.12
1178, 0.11
1178, 0.11
1178, 0.11
1178, 0.11
1178, 0.11
1178, 0.11
1099, 0.11
1099, 0.11
1021, 0.11
1178, 0.11
1099, 0.11
1099, 0.11
1099, 0.11
1099, 0.11
1099, 0.11
1099, 0.11
1099, 0.11
1099, 0.11
1021, 0.11
1099, 0.11
1099, 0.11
1099, 0.11
1021, 0.11
1021, 0.11
1021, 0.11
1021, 0.11
1021, 0.11
1021, 0.11
1021, 0.11
1021, 0.11
1099, 0.11
1021, 0.11
1021, 0.11
1021, 0.11
1021, 0.11
1021, 0.11
1021, 0.11
1021, 0.11
1021, 0.11
1021, 0.11
1021, 0.11
1021, 0.11
1021, 0.11
1021, 0.11
1021, 0.11
1021, 0.11
1021, 0.11
1021, 0.11
1021, 0.11
1021, 0.11
1021, 0.11
942, 0.11
942, 0.11
1021, 0.11
1021, 0.11
1021, 0.11
1021, 0.11
942, 0.11
942, 0.11
942, 0.11
942, 0.11
942, 0.11
1021, 0.11
1021, 0.11
1021, 0.11
1021, 0.11
1021, 0.11
1021, 0.11
1021, 0.11
942, 0.11
942, 0.11
942, 0.11
942, 0.11
942, 0.11
942, 0.11
1021, 0.11
1021, 0.11
1021, 0.11
942, 0.11
942, 0.11
942, 0.11
942, 0.11
1021, 0.11
1021, 0.11
942, 0.11
942, 0.11
942, 0.11
1021, 0.11
942, 0.11
942, 0.11
942, 0.11
1021, 0.11
942, 0.11
942, 0.11
942, 0.11
1021, 0.11
942, 0.11
942, 0.11
1021, 0.11
942, 0.11
942, 0.11
942, 0.11
1021, 0.11
942, 0.11
942, 0.11
1021, 0.11
942, 0.11
942, 0.11
1021, 0.11
942, 0.11
942, 0.11
1021, 0.11
942, 0.11
942, 0.11
942, 0.11
942, 0.11
942, 0.11
942, 0.11
942, 0.11
942, 0.11
942, 0.11
942, 0.11
1021, 0.11
942, 0.11
942, 0.11
1021, 0.11
942, 0.11
942, 0.11
942, 0.11
942, 0.11
1021, 0.11
942, 0.11
942, 0.11
1021, 0.11
942, 0.11
942, 0.11
942, 0.11
942, 0.11
1021, 0.11
942, 0.11
942, 0.11
942, 0.11
942, 0.11
1021, 0.11
942, 0.11
942, 0.11
942, 0.11
942, 0.11
1021, 0.11
942, 0.11
942, 0.11
942, 0.11
942, 0.11
1021, 0.11
942, 0.11
942, 0.11
942, 0.11
942, 0.11
1021, 0.11
942, 0.11
942, 0.11
942, 0.11
942, 0.11
1021, 0.11
942, 0.11
942, 0.11
942, 0.11
942, 0.11
1021, 0.11
942, 0.11
942, 0.11
942, 0.11
942, 0.11
942, 0.11
942, 0.11
1021, 0.11
942, 0.11
942, 0.11
942, 0.11
942, 0.11
1021, 0.11
942, 0.11
1021, 0.11
942, 0.11
942, 0.11
942, 0.11
942, 0.11
1021, 0.11
942, 0.12
942, 0.12
942, 0.12
942, 0.12
1021, 0.12
942, 0.13
1021, 0.13
942, 0.13
942, 0.14
942, 0.14
942, 0.15
942, 0.15
942, 0.16
942, 0.16
942, 0.17
1021, 0.17
1021, 0.18
1021, 0.18
1021, 0.19
1021, 0.19
1021, 0.20
942, 0.20
1021, 0.20
1021, 0.21
1021, 0.22
1021, 0.22
1099, 0.22
1099, 0.23
1099, 0.23
1021, 0.24
1099, 0.24
1178, 0.24
1099, 0.24
1099, 0.24
1099, 0.25
1099, 0.25
1178, 0.25
1099, 0.25
1099, 0.25
1178, 0.25
1178, 0.25
1178, 0.25
1178, 0.25
1178, 0.25
1256, 0.25
1178, 0.25
1099, 0.25
1256, 0.25
1256, 0.25
1256, 0.25
1256, 0.25
1178, 0.25
1256, 0.25
1335, 0.25
1256, 0.25
1256, 0.25
1256, 0.25
1178, 0.25
1335, 0.25
1256, 0.25
1256, 0.25
1335, 0.25
1256, 0.25
1335, 0.25
1256, 0.25
1256, 0.25
1256, 0.25
1335, 0.25
1335, 0.25
1335, 0.25
1256, 0.25
1256, 0.25
1335, 0.25
1335, 0.25
1335, 0.25
1335, 0.25
1256, 0.25
1335, 0.25
1335, 0.25
1335, 0.25
1256, 0.25
1335, 0.25
1335, 0.25
1413, 0.25
1335, 0.25
1335, 0.25
1335, 0.25
1256, 0.25
1413, 0.25
1335, 0.25
1256, 0.25
1178, 0.25
1335, 0.25
1335, 0.25
1335, 0.25
1413, 0.25
1413, 0.25
1256, 0.25
1413, 0.25
1256, 0.25
1256, 0.25
1256, 0.25
1413, 0.25
1335, 0.25
1256, 0.25
1335, 0.25
1335, 0.25
1256, 0.25
1335, 0.25
1335, 0.25
1335, 0.25
1256, 0.25
1335, 0.25
1413, 0.25
1413, 0.25
1335, 0.25
1335, 0.25
1335, 0.25
1413, 0.25
1335, 0.25
1413, 0.25
1256, 0.25
1335, 0.25
1335, 0.25
1256, 0.25
1335, 0.25
1178, 0.25
1256, 0.25
1335, 0.25
1335, 0.25
1256, 0.25
1335, 0.25
1413, 0.25
1335, 0.25
1178, 0.25
1335, 0.25
1335, 0.25
1256, 0.25
1178, 0.25
1335, 0.25
1413, 0.25
1335, 0.25
1178, 0.25
1413, 0.25
1413, 0.25
1256, 0.25
1335, 0.25
1413, 0.25
1335, 0.25
1256, 0.25
1335, 0.25
1413, 0.25
1335, 0.25
1413, 0.25
1256, 0.25
1335, 0.25
1413, 0.25
1256, 0.25
1335, 0.25
1178, 0.25
1256, 0.25
1413, 0.25
1413, 0.25
1256, 0.25
1335, 0.25
1178, 0.25
1178, 0.25
1413, 0.25
1335, 0.25
1256, 0.25
1256, 0.25
1178, 0.25
1256, 0.25
1413, 0.25
1256, 0.25
1178, 0.25
1256, 0.25
1335, 0.25
1178, 0.25
1256, 0.25
1335, 0.25
1256, 0.25
1335, 0.25
1335, 0.25
1178, 0.25
1335, 0.25
1413, 0.25
1178, 0.25
1256, 0.25
1335, 0.25
1335, 0.25
1335, 0.25
1256, 0.25
1178, 0.25
1178, 0.25
1413, 0.25
1413, 0.25
1335, 0.25
1335, 0.25
1413, 0.25
1335, 0.25
1256, 0.25
1256, 0.25
1335, 0.25
1178, 0.25
1413, 0.25
1335, 0.25
1413, 0.25
1335, 0.25
1335, 0.25
1335, 0.25
1335, 0.25
1413, 0.25
1178, 0.25
1256, 0.25
1256, 0.25
1413, 0.25
1335, 0.25
1413, 0.25
1335, 0.25
1256, 0.25
1335, 0.25
1256, 0.25
1256, 0.25
1335, 0.25
1335, 0.25
1335, 0.25
1256, 0.25
1335, 0.25
1178, 0.25
1178, 0.25
1256, 0.25
1413, 0.25
1256, 0.25
1335, 0.25
1335, 0.25
1413, 0.25
1256, 0.25
1335, 0.25
1335, 0.25
1335, 0.25
1335, 0.25
1413, 0.25
1256, 0.25
1335, 0.25
1256, 0.25
1256, 0.25
1256, 0.25
1335, 0.25
1256, 0.25
1256, 0.25
1335, 0.25
1335, 0.25
1256, 0.25
1335, 0.25
1178, 0.25
1335, 0.25
1099, 0.25
1256, 0.25
1335, 0.25
1256, 0.25
1256, 0.25
1335, 0.25
1256, 0.25
1256, 0.25
1335, 0.25
1335, 0.25
1178, 0.25
1413, 0.25
1256, 0.25
1178, 0.25
1256, 0.25
1335, 0.25
1256, 0.25
1256, 0.25
1178, 0.25
1413, 0.25
1413, 0.25
1335, 0.25
1335, 0.25
1413, 0.25
1335, 0.25
1413, 0.25
1335, 0.25
1413, 0.25
1413, 0.25
1413, 0.25
1256, 0.25
1335, 0.25
1256, 0.25
1335, 0.25
1256, 0.25
1413, 0.25
1335, 0.25
1335, 0.25
1335, 0.25
1335, 0.25
1178, 0.25
1256, 0.25
1335, 0.25
1335, 0.25
1335, 0.25
1256, 0.25
1335, 0.25
1335, 0.25
1335, 0.25
1256, 0.25
1256, 0.25
1256, 0.25
1256, 0.25
1413, 0.25
1335, 0.25
1413, 0.25
1256, 0.25
1335, 0.25
1335, 0.25
1256, 0.25
1256, 0.25
1413, 0.25
1335, 0.24
1335, 0.24
1335, 0.24
1335, 0.24
1335, 0.24
1413, 0.24
1413, 0.24
1335, 0.24
1413, 0.24
1335, 0.24
1413, 0.24
1335, 0.24
1335, 0.24
1335, 0.23
1335, 0.23
1335, 0.23
1256, 0.23
1178, 0.22
1413, 0.22
1335, 0.22
1335, 0.21
1413, 0.21
1256, 0.21
1413, 0.20
1335, 0.20
1413, 0.19
1335, 0.19
1335, 0.18
1335, 0.18
1413, 0.18
1335, 0.17
1335, 0.17
1335, 0.16
1335, 0.16
1335, 0.16
1335, 0.15
1256, 0.15
1256, 0.15
1256, 0.14
1335, 0.14
1256, 0.14
1256, 0.13
1335, 0.13
1256, 0.13
1256, 0.13
1178, 0.12
1256, 0.12
1256, 0.12
1256, 0.11
1178, 0.11
1256, 0.11
1178, 0.11
1178, 0.10
1178, 0.10
1178, 0.10
1178, 0.10
1178, 0.10
1099, 0.10
1178, 0.10
1178, 0.10
1178, 0.09
1099, 0.10
1178, 0.10
1178, 0.10
1178, 0.10
1099, 0.10
1099, 0.09
1099, 0.10
1099, 0.10
1099, 0.10
1099, 0.10
1099, 0.10
1099, 0.09
1099, 0.10
1021, 0.10
1021, 0.10
1021, 0.10
1021, 0.10
1021, 0.10
1021, 0.10
1099, 0.10
1021, 0.10
1021, 0.10
1021, 0.10
1021, 0.10
1021, 0.10
1021, 0.09
1021, 0.10
1021, 0.10
1021, 0.10
1021, 0.10
942, 0.10
942, 0.10
942, 0.10
1021, 0.10
1021, 0.10
1021, 0.10
942, 0.10
942, 0.10
942, 0.10
942, 0.10
942, 0.10
1021, 0.10
942, 0.10
942, 0.10
942, 0.10
942, 0.10
942, 0.10
1021, 0.10
942, 0.10
942, 0.10
942, 0.10
942, 0.10
942, 0.10
942, 0.10
942, 0.10
942, 0.10
942, 0.10
942, 0.10
863, 0.10
942, 0.10
942, 0.10
942, 0.10
942, 0.10
942, 0.10
942, 0.10
942, 0.10
863, 0.10
942, 0.10
942, 0.10
942, 0.10
942, 0.10
942, 0.10
942, 0.10
863, 0.10
863, 0.10
863, 0.10
863, 0.10
863, 0.10
863, 0.10
863, 0.10
863, 0.10
863, 0.10
863, 0.10
863, 0.10
863, 0.10
863, 0.10
863, 0.10
863, 0.10
942, 0.10
942, 0.10
942, 0.10
942, 0.10
863, 0.10
863, 0.10
863, 0.10
863, 0.10
942, 0.10
942, 0.10
942, 0.10
863, 0.10
863, 0.10
863, 0.10
942, 0.10
942, 0.10
942, 0.10
863, 0.10
863, 0.10
942, 0.10
942, 0.10
863, 0.10
863, 0.10
863, 0.10
942, 0.10
863, 0.10
863, 0.10
863, 0.10
942, 0.10
942, 0.10
863, 0.10
863, 0.10
942, 0.10
863, 0.10
863, 0.10
942, 0.09
942, 0.10
863, 0.10
863, 0.10
942, 0.10
863, 0.10
863, 0.10
942, 0.10
863, 0.10
863, 0.10
863, 0.10
942, 0.10
863, 0.10
863, 0.10
942, 0.10
863, 0.10
863, 0.10
942, 0.10
863, 0.10
863, 0.10
942, 0.10
863, 0.10
863, 0.10
942, 0.10
863, 0.10
863, 0.10
942, 0.10
863, 0.10
863, 0.10
942, 0.10
863, 0.10
863, 0.10
942, 0.10
863, 0.10
863, 0.10
942, 0.10
863, 0.10
863, 0.10
942, 0.10
863, 0.10
863, 0.10
942, 0.10
863, 0.10
863, 0.10
942, 0.10
863, 0.10
863, 0.10
863, 0.10
863, 0.10
863, 0.10
863, 0.10
863, 0.10
942, 0.10
863, 0.10
863, 0.10
942, 0.10
863, 0.10
863, 0.10
942, 0.10
863, 0.10
863, 0.10
942, 0.10
863, 0.10
863, 0.10
942, 0.10
863, 0.10
863, 0.10
942, 0.10
863, 0.10
863, 0.10
942, 0.10
863, 0.10
863, 0.10
942, 0.10
863, 0.10
863, 0.10
942, 0.10
863, 0.10
863, 0.10
942, 0.10
863, 0.10
863, 0.10
942, 0.10
863, 0.10
863, 0.10
863, 0.10
863, 0.10
942, 0.10
863, 0.10
863, 0.10
942, 0.10
863, 0.10
863, 0.10
942, 0.10
863, 0.10
863, 0.10
863, 0.10
863, 0.10
942, 0.10
863, 0.10
863, 0.10
942, 0.10
863, 0.10
863, 0.10
863, 0.10
863, 0.10
942, 0.10
863, 0.10
863, 0.10
863, 0.10
863, 0.10
942, 0.10
863, 0.10
863, 0.10
863, 0.10
863, 0.10
942, 0.10
863, 0.10
863, 0.10
942, 0.10
863, 0.10
942, 0.10
863, 0.10
863, 0.10
942, 0.10
863, 0.10
863, 0.10
863, 0.10
863, 0.10
942, 0.10
863, 0.10
863, 0.10
863, 0.10
863, 0.10
942, 0.10
863, 0.10
863, 0.10
942, 0.10
863, 0.10
942, 0.10
863, 0.10
863, 0.10
942, 0.10
863, 0.10
863, 0.10
942, 0.10
863, 0.10
942, 0.10
863, 0.11
863, 0.11
942, 0.11
863, 0.12
863, 0.12
863, 0.12
863, 0.13
942, 0.13
863, 0.14
863, 0.14
863, 0.15
942, 0.16
942, 0.16
942, 0.17
942, 0.17
942, 0.18
942, 0.18
942, 0.19
942, 0.20
1021, 0.20
942, 0.21
942, 0.22
942, 0.22
942, 0.23
1021, 0.23
1021, 0.24
1021, 0.24
1021, 0.25
1021, 0.25
1021, 0.26
1099, 0.27
1099, 0.27
1099, 0.27
1099, 0.28
1099, 0.28
1178, 0.29
1178, 0.29
1178, 0.30
1099, 0.30
1178, 0.30
1178, 0.31
1256, 0.31
1256, 0.31
1335, 0.31
1335, 0.32
1256, 0.32
1256, 0.32
1335, 0.32
1256, 0.33
1256, 0.33
1256, 0.33
1256, 0.33
1413, 0.33
1335, 0.33
1335, 0.33
1256, 0.33
1178, 0.33
1335, 0.33
1099, 0.33
1413, 0.33
1256, 0.33
1492, 0.33
942, 0.33
1178, 0.33
1099, 0.33
1178, 0.33
1335, 0.33
1256, 0.33
1256, 0.34
1256, 0.33
1256, 0.33
942, 0.33
863, 0.33
1021, 0.33
706, 0.33
1492, 0.33
1178, 0.33
1099, 0.33
1178, 0.33
1178, 0.33
1021, 0.33
1099, 0.33
942, 0.33
1178, 0.33
1256, 0.33
1021, 0.33
1021, 0.33
1099, 0.33
863, 0.33
863, 0.33
1178, 0.33
1099, 0.33
1099, 0.33
1021, 0.33
1021, 0.33
1021, 0.33
1021, 0.33
1021, 0.33
1021, 0.33
1099, 0.33
1021, 0.33
942, 0.33
1256, 0.33
1178, 0.33
1021, 0.33
1021, 0.33
1021, 0.33
1021, 0.33
942, 0.33
1099, 0.33
1021, 0.33
1021, 0.33
942, 0.33
1178, 0.33
1178, 0.33
942, 0.33
942, 0.33
942, 0.33
942, 0.33
1099, 0.33
1099, 0.33
1099, 0.33
1021, 0.33
1021, 0.33
785, 0.33
1021, 0.33
1099, 0.33
1335, 0.33
1021, 0.33
1256, 0.33
942, 0.33
1099, 0.33
1099, 0.33
1178, 0.33
1099, 0.33
1413, 0.33
1335, 0.33
785, 0.33
942, 0.33
942, 0.33
1178, 0.33
1492, 0.33
1021, 0.33
785, 0.33
942, 0.33
785, 0.33
863, 0.33
863, 0.33
785, 0.33
863, 0.33
1335, 0.33
1649, 0.33
863, 0.33
1492, 0.33
1413, 0.33
1178, 0.33
1413, 0.33
1178, 0.33
1335, 0.33
942, 0.33
863, 0.33
1099, 0.33
785, 0.33
1649, 0.33
1570, 0.33
1178, 0.33
1413, 0.33
1099, 0.33
1256, 0.33
1178, 0.33
1492, 0.33
1178, 0.33
1413, 0.33
1413, 0.33
863, 0.33
1413, 0.33
1492, 0.33
1413, 0.33
1570, 0.33
1256, 0.33
1649, 0.33
1178, 0.33
1649, 0.33
1099, 0.33
1021, 0.33
1178, 0.33
1178, 0.33
1335, 0.33
1335, 0.33
1413, 0.33
1413, 0.33
1413, 0.33
1178, 0.33
1335, 0.33
1413, 0.33
1413, 0.33
1335, 0.33
1413, 0.33
1256, 0.33
1413, 0.33
1570, 0.33
1413, 0.33
1649, 0.33
1178, 0.33
1570, 0.33
1256, 0.33
1570, 0.33
1335, 0.33
1492, 0.33
785, 0.33
1099, 0.33
1021, 0.33
1099, 0.33
1335, 0.33
1413, 0.33
863, 0.33
1335, 0.33
863, 0.33
863, 0.33
706, 0.33
706, 0.33
628, 0.33
785, 0.33
706, 0.33
1806, 0.33
1413, 0.33
942, 0.33
863, 0.33
942, 0.33
1178, 0.33
942, 0.33
785, 0.33
1256, 0.33
1335, 0.33
1021, 0.33
1021, 0.33
1021, 0.33
549, 0.33
1099, 0.33
1570, 0.33
863, 0.33
785, 0.33
1099, 0.33
1413, 0.33
785, 0.33
863, 0.33
1335, 0.33
1178, 0.33
1099, 0.33
1413, 0.33
942, 0.33
942, 0.33
1178, 0.33
1021, 0.33
1021, 0.33
1099, 0.33
785, 0.33
1178, 0.33
1413, 0.33
1178, 0.33
942, 0.33
1021, 0.33
1178, 0.33
1099, 0.33
1570, 0.33
1099, 0.33
1099, 0.33
1021, 0.33
942, 0.33
1178, 0.33
1099, 0.33
1099, 0.33
1021, 0.33
1021, 0.33
1492, 0.33
1099, 0.33
1256, 0.33
1099, 0.33
1335, 0.33
1099, 0.33
1099, 0.33
1178, 0.33
942, 0.33
1099, 0.33
785, 0.33
942, 0.33
1178, 0.33
1021, 0.33
1099, 0.33
863, 0.33
863, 0.33
1178, 0.33
1178, 0.33
1021, 0.33
1021, 0.33
1099, 0.33
1099, 0.33
1178, 0.33
1021, 0.33
1099, 0.33
1178, 0.33
1021, 0.33
1256, 0.33
942, 0.33
863, 0.33
863, 0.33
1099, 0.33
1178, 0.33
863, 0.33
1099, 0.33
1256, 0.33
1021, 0.33
1021, 0.33
942, 0.33
1178, 0.33
1099, 0.33
1335, 0.33
1178, 0.33
1099, 0.33
1178, 0.33
1099, 0.33
1021, 0.33
1178, 0.33
942, 0.33
1178, 0.33
1178, 0.33
1256, 0.33
1178, 0.33
1021, 0.33
1178, 0.33
1256, 0.33
1335, 0.33
1178, 0.33
942, 0.33
863, 0.33
1099, 0.33
1021, 0.33
1178, 0.33
942, 0.33
1021, 0.33
942, 0.33
1178, 0.33
1178, 0.33
1021, 0.33
1413, 0.33
1099, 0.33
1570, 0.33
1021, 0.33
1335, 0.33
942, 0.33
1021, 0.33
1099, 0.33
1099, 0.33
1178, 0.33
1256, 0.33
1099, 0.33
1178, 0.33
785, 0.33
1099, 0.33
1099, 0.33
1021, 0.33
706, 0.33
1021, 0.33
1099, 0.33
942, 0.33
1021, 0.33
863, 0.33
942, 0.33
1021, 0.33
942, 0.33
1099, 0.33
1099, 0.33
1021, 0.32
1021, 0.32
1021, 0.32
1178, 0.32
942, 0.31
1021, 0.31
1335, 0.31
1099, 0.31
1099, 0.30
1178, 0.30
1178, 0.30
1021, 0.29
1021, 0.29
1178, 0.28
1099, 0.28
942, 0.28
1413, 0.27
863, 0.27
1178, 0.26
1099, 0.26
1021, 0.25
1178, 0.25
1099, 0.24
1256, 0.24
1099, 0.24
1099, 0.23
1256, 0.23
1021, 0.23
1256, 0.22
1178, 0.22
1099, 0.22
1335, 0.22
863, 0.21
1256, 0.21
1335, 0.20
1099, 0.20
1099, 0.20
1335, 0.20
1256, 0.20
1413, 0.19
1099, 0.19
1256, 0.19
1335, 0.18
1256, 0.18
1335, 0.18
1256, 0.18
1256, 0.18
1413, 0.17
1335, 0.17
1335, 0.17
1413, 0.17
1335, 0.17
1335, 0.16
1335, 0.16
1413, 0.16
1335, 0.16
1178, 0.16
1335, 0.15
1256, 0.15
1335, 0.15
1335, 0.15
1335, 0.15
1335, 0.14
1335, 0.14
1335, 0.14
1335, 0.14
1256, 0.14
1256, 0.13
1256, 0.13
1178, 0.13
1256, 0.13
1256, 0.13
1256, 0.13
1178, 0.13
1178, 0.13
1256, 0.13
1178, 0.13
1256, 0.13
1256, 0.12
1256, 0.12
1178, 0.12
1178, 0.12
1178, 0.12
1099, 0.12
1178, 0.12
1099, 0.12
2356, 0.12
1099, 0.13
1099, 0.12
1178, 0.12
1178, 0.13
1178, 0.12
1178, 0.12
1178, 0.13
1099, 0.12
1099, 0.12
1099, 0.12
1099, 0.12
1099, 0.13
1099, 0.12
1099, 0.12
1021, 0.12
1099, 0.13
1099, 0.13
1021, 0.12
1021, 0.12
1099, 0.13
1099, 0.12
1099, 0.12
1099, 0.12
1099, 0.12
1099, 0.13
1099, 0.13
1021, 0.12
1021, 0.13
1021, 0.12
1021, 0.12
1021, 0.12
1021, 0.13
1021, 0.13
1021, 0.12
1021, 0.12
1021, 0.12
1021, 0.12
942, 0.12
1021, 0.12
1021, 0.13
1021, 0.12
1021, 0.12
1021, 0.12
1021, 0.12
1021, 0.13
1021, 0.13
1021, 0.12
1021, 0.12
1021, 0.12
1021, 0.12
1021, 0.12
1021, 0.12
942, 0.13
1021, 0.12
1021, 0.13
1021, 0.12
1021, 0.13
1021, 0.12
942, 0.13
942, 0.12
942, 0.12
942, 0.13
942, 0.12
942, 0.13
942, 0.12
942, 0.12
942, 0.12
942, 0.12
942, 0.13
942, 0.12
942, 0.12
1021, 0.13
1021, 0.12
1021, 0.12
1021, 0.12
942, 0.12
942, 0.12
942, 0.12
942, 0.12
1021, 0.12
1021, 0.12
1021, 0.12
942, 0.12
942, 0.12
942, 0.12
1021, 0.12
1021, 0.12
942, 0.12
942, 0.12
942, 0.12
1021, 0.12
942, 0.13
942, 0.12
942, 0.12
1021, 0.12
942, 0.12
942, 0.12
1021, 0.12
1021, 0.12
942, 0.12
942, 0.12
1021, 0.12
942, 0.12
942, 0.12
1021, 0.12
942, 0.12
942, 0.12
942, 0.12
1021, 0.12
942, 0.12
942, 0.12
1021, 0.12
942, 0.12
942, 0.12
1021, 0.12
942, 0.12
942, 0.12
1021, 0.13
942, 0.12
942, 0.12
1021, 0.12
942, 0.12
942, 0.12
942, 0.12
942, 0.13
1963, 0.12
942, 0.12
1021, 0.12
942, 0.13
942, 0.12
1021, 0.12
942, 0.12
942, 0.12
942, 0.12
942, 0.12
942, 0.12
942, 0.12
942, 0.12
1021, 0.12
942, 0.12
942, 0.12
1021, 0.12
942, 0.12
942, 0.12
942, 0.12
942, 0.12
942, 0.12
942, 0.12
942, 0.12
1021, 0.12
942, 0.12
942, 0.12
1021, 0.12
942, 0.12
942, 0.12
942, 0.12
942, 0.12
1021, 0.12
942, 0.12
942, 0.12
1021, 0.12
942, 0.12
942, 0.12
942, 0.12
942, 0.12
1021, 0.12
942, 0.12
942, 0.12
1021, 0.12
942, 0.12
942, 0.12
942, 0.12
942, 0.12
1021, 0.12
942, 0.12
942, 0.12
1021, 0.12
942, 0.12
942, 0.12
942, 0.12
942, 0.12
1021, 0.12
942, 0.12
942, 0.12
942, 0.12
942, 0.12
942, 0.12
942, 0.12
942, 0.12
1021, 0.12
942, 0.12
942, 0.12
942, 0.12
942, 0.12
1021, 0.13
942, 0.12
942, 0.12
942, 0.12
942, 0.12
1021, 0.12
942, 0.12
942, 0.12
1021, 0.12
942, 0.12
942, 0.12
942, 0.12
942, 0.12
1021, 0.12
942, 0.12
942, 0.12
942, 0.12
942, 0.12
942, 0.12
942, 0.12
942, 0.12
1021, 0.12
942, 0.12
942, 0.12
942, 0.12
942, 0.13
942, 0.12
942, 0.12
942, 0.12
1021, 0.12
942, 0.12
942, 0.12
942, 0.12
942, 0.12
1021, 0.12
942, 0.12
942, 0.12
942, 0.12
942, 0.12
942, 0.12
942, 0.12
942, 0.12
1021, 0.12
942, 0.12
942, 0.12
942, 0.12
942, 0.12
1021, 0.12
942, 0.12
942, 0.12
1021, 0.12
942, 0.12
942, 0.12
942, 0.12
942, 0.12
1021, 0.12
942, 0.12
942, 0.12
1021, 0.12
942, 0.12
1021, 0.12
942, 0.12
942, 0.12
1021, 0.12
942, 0.12
942, 0.12
942, 0.12
942, 0.12
1021, 0.12
942, 0.12
942, 0.12
942, 0.12
942, 0.12
942, 0.13
942, 0.12
942, 0.12
942, 0.12
942, 0.12
1021, 0.12
942, 0.12
942, 0.12
1021, 0.13
942, 0.12
1021, 0.12
942, 0.12
942, 0.12
942, 0.12
942, 0.13
1021, 0.12
942, 0.12
942, 0.13
942, 0.12
942, 0.12
1021, 0.13
942, 0.12
942, 0.12
942, 0.12
942, 0.12
1021, 0.12
942, 0.12
942, 0.12
942, 0.12
942, 0.12
1021, 0.12
942, 0.12
1021, 0.13
942, 0.12
942, 0.12
942, 0.12
942, 0.12
1021, 0.12
942, 0.13
942, 0.12
942, 0.12
942, 0.12
1021, 0.12
942, 0.12
1021, 0.12
942, 0.12
942, 0.12
942, 0.12
942, 0.12
1021, 0.12
942, 0.12
942, 0.12
942, 0.12
942, 0.12
1021, 0.12
942, 0.12
942, 0.12
942, 0.12
942, 0.12
1021, 0.12
942, 0.12
942, 0.12
942, 0.12
942, 0.12
942, 0.12
942, 0.12
942, 0.12
942, 0.12
942, 0.12
942, 0.12
942, 0.12
1021, 0.12
942, 0.12
942, 0.12
942, 0.13
942, 0.12
1021, 0.12
942, 0.12
942, 0.13
942, 0.13
942, 0.13
942, 0.13
942, 0.13
1021, 0.13
942, 0.13
942, 0.13
942, 0.13
942, 0.13
1021, 0.13
942, 0.13
942, 0.13
942, 0.14
942, 0.14
942, 0.14
1021, 0.14
942, 0.15
942, 0.15
942, 0.15
1021, 0.16
1021, 0.16
1021, 0.16
1021, 0.17
1021, 0.17
1021, 0.18
1021, 0.18
942, 0.19
1021, 0.19
1021, 0.20
1021, 0.20
1021, 0.21
1021, 0.21
1021, 0.22
1099, 0.22
1099, 0.22
1099, 0.23
1021, 0.23
1099, 0.24
1099, 0.25
1099, 0.25
1099, 0.26
1099, 0.26
1099, 0.27
1178, 0.27
1178, 0.27
1178, 0.28
1178, 0.28
1178, 0.28
1178, 0.29
1256, 0.29
1256, 0.29
1178, 0.29
1335, 0.29
1335, 0.29
1335, 0.29
1335, 0.30
1256, 0.30
1335, 0.30
1256, 0.30
1256, 0.30
1335, 0.30
1335, 0.30
1335, 0.30
1335, 0.30
1256, 0.30
1256, 0.30
1335, 0.30
1335, 0.30
1256, 0.30
1335, 0.30
1335, 0.30
1413, 0.30
1256, 0.30
1413, 0.30
1335, 0.30
1335, 0.30
1256, 0.30
1099, 0.30
1256, 0.30
1492, 0.30
1178, 0.30
1413, 0.30
1178, 0.30
1256, 0.30
1256, 0.30
1256, 0.30
1256, 0.30
1256, 0.30
1178, 0.30
1335, 0.30
1256, 0.30
1492, 0.30
1492, 0.30
1099, 0.30
1256, 0.30
1413, 0.30
1256, 0.30
1178, 0.30
1021, 0.30
863, 0.30
1099, 0.30
1335, 0.30
1335, 0.30
1099, 0.30
1256, 0.30
942, 0.30
1256, 0.30
1335, 0.30
1099, 0.30
1178, 0.30
1178, 0.30
1256, 0.30
1256, 0.30
1413, 0.30
1021, 0.30
1178, 0.30
1099, 0.30
1178, 0.30
1178, 0.30
1178, 0.30
1256, 0.30
1178, 0.30
1178, 0.30
1099, 0.30
1256, 0.30
1256, 0.30
1256, 0.30
1256, 0.30
1178, 0.30
1021, 0.30
1256, 0.30
1335, 0.30
1413, 0.30
1021, 0.30
1335, 0.30
1335, 0.30
1413, 0.30
1256, 0.30
1178, 0.30
706, 0.30
1335, 0.30
942, 0.30
942, 0.30
942, 0.30
942, 0.30
942, 0.30
785, 0.30
1256, 0.30
1021, 0.30
1021, 0.30
1256, 0.30
942, 0.30
1256, 0.30
1021, 0.30
1178, 0.30
1099, 0.30
1099, 0.30
1099, 0.30
1256, 0.30
1178, 0.30
1099, 0.30
1256, 0.30
1178, 0.30
1021, 0.30
1099, 0.30
942, 0.30
1099, 0.30
1021, 0.30
1099, 0.30
942, 0.30
1099, 0.30
1021, 0.30
1099, 0.30
1021, 0.30
1256, 0.30
1021, 0.30
1099, 0.30
1178, 0.30
1021, 0.30
1021, 0.30
1099, 0.30
863, 0.30
1099, 0.30
1021, 0.30
1178, 0.30
1099, 0.30
1099, 0.30
1178, 0.30
1178, 0.30
1178, 0.30
1335, 0.30
1099, 0.30
863, 0.30
1178, 0.30
1178, 0.30
1178, 0.30
1256, 0.30
942, 0.30
1099, 0.30
1099, 0.30
1021, 0.30
942, 0.30
1021, 0.30
1178, 0.30
942, 0.30
1099, 0.30
1413, 0.30
1099, 0.30
1256, 0.30
1178, 0.30
1335, 0.30
1256, 0.30
1178, 0.30
1099, 0.30
1099, 0.30
1099, 0.30
942, 0.30
942, 0.30
1099, 0.30
1021, 0.30
1178, 0.30
1099, 0.30
1413, 0.30
1335, 0.30
1021, 0.30
1021, 0.30
1178, 0.30
1099, 0.30
1099, 0.30
1099, 0.30
1256, 0.30
1178, 0.30
1256, 0.30
942, 0.30
1021, 0.30
1099, 0.30
1256, 0.30
1256, 0.30
1178, 0.30
1099, 0.30
1256, 0.30
1335, 0.30
1021, 0.30
1178, 0.30
1178, 0.30
1021, 0.30
1256, 0.30
1178, 0.30
1021, 0.30
1178, 0.30
1256, 0.30
1178, 0.30
1099, 0.30
1021, 0.30
942, 0.30
1099, 0.30
1178, 0.30
1178, 0.30
863, 0.30
942, 0.30
1099, 0.30
1178, 0.30
1021, 0.30
1099, 0.30
1178, 0.30
1256, 0.30
1099, 0.30
1021, 0.30
1178, 0.30
1099, 0.30
1021, 0.30
1178, 0.30
1256, 0.30
1178, 0.30
1099, 0.30
1021, 0.30
1099, 0.30
1099, 0.30
1021, 0.30
1178, 0.30
1178, 0.30
1099, 0.30
1099, 0.30
1099, 0.30
1256, 0.30
1335, 0.30
1178, 0.30
1178, 0.30
1256, 0.30
1256, 0.30
1021, 0.30
1178, 0.30
1099, 0.30
1099, 0.30
1099, 0.30
1178, 0.30
1099, 0.30
1099, 0.30
1178, 0.30
1021, 0.30
1256, 0.30
1256, 0.30
1178, 0.30
1099, 0.30
863, 0.30
1099, 0.30
1335, 0.30
1256, 0.30
1178, 0.30
1021, 0.30
1099, 0.30
1178, 0.30
942, 0.30
1099, 0.30
1256, 0.30
1178, 0.30
942, 0.30
863, 0.30
1099, 0.30
1335, 0.30
1256, 0.30
1178, 0.30
863, 0.30
1099, 0.30
1335, 0.30
1099, 0.30
1178, 0.30
1256, 0.30
1256, 0.30
1178, 0.30
1335, 0.30
1256, 0.30
1021, 0.30
1099, 0.30
1021, 0.30
1335, 0.30
1178, 0.30
942, 0.30
1492, 0.30
1021, 0.30
1099, 0.30
1178, 0.30
942, 0.30
1021, 0.30
1099, 0.30
1256, 0.30
1099, 0.30
1178, 0.30
1256, 0.30
1099, 0.30
1335, 0.30
1099, 0.30
1178, 0.30
1099, 0.30
1178, 0.30
1099, 0.30
1413, 0.30
1021, 0.30
1256, 0.30
1099, 0.30
1256, 0.30
1178, 0.30
1256, 0.30
1178, 0.30
1099, 0.30
863, 0.30
942, 0.30
1178, 0.30
1099, 0.30
1021, 0.30
1099, 0.30
1178, 0.30
1178, 0.30
1178, 0.30
1099, 0.30
1021, 0.30
863, 0.30
942, 0.30
1178, 0.30
1099, 0.30
1178, 0.30
1099, 0.30
1256, 0.30
1021, 0.30
1256, 0.30
1256, 0.30
942, 0.30
863, 0.30
1178, 0.30
1178, 0.30
1178, 0.30
1178, 0.30
1021, 0.30
1099, 0.30
942, 0.30
942, 0.30
942, 0.30
1335, 0.30
1178, 0.30
942, 0.30
1335, 0.30
1021, 0.30
1178, 0.30
1021, 0.30
1256, 0.30
1021, 0.30
1021, 0.30
1178, 0.30
1335, 0.30
1178, 0.30
1021, 0.30
1335, 0.30
942, 0.30
1021, 0.30
1099, 0.30
863, 0.30
1178, 0.30
1178, 0.30
1178, 0.30
1021, 0.30
1256, 0.30
1256, 0.30
1178, 0.30
1099, 0.30
1256, 0.30
1099, 0.30
1335, 0.30
1021, 0.30
1256, 0.30
1099, 0.30
1099, 0.30
1178, 0.30
1099, 0.30
1178, 0.30
1021, 0.30
1178, 0.30
1099, 0.30
1099, 0.30
1099, 0.30
1021, 0.30
1021, 0.30
1099, 0.30
1021, 0.30
1099, 0.30
1178, 0.30
1021, 0.30
1021, 0.30
1256, 0.30
1099, 0.30
1256, 0.30
1178, 0.30
1256, 0.30
1178, 0.30
1099, 0.30
1178, 0.30
1021, 0.30
1256, 0.30
1099, 0.30
1021, 0.30
1256, 0.30
1178, 0.30
1021, 0.30
1021, 0.30
1178, 0.30
1099, 0.30
1335, 0.30
1178, 0.30
1256, 0.30
1256, 0.30
1256, 0.30
1021, 0.30
1256, 0.30
863, 0.30
1178, 0.30
1256, 0.30
1099, 0.30
1335, 0.30
1099, 0.30
1178, 0.30
1178, 0.30
942, 0.30
1178, 0.30
1178, 0.30
1256, 0.30
1099, 0.30
1178, 0.30
1021, 0.30
1021, 0.30
1099, 0.30
1021, 0.30
1099, 0.30
1335, 0.30
1178, 0.30
1256, 0.30
942, 0.30
1021, 0.30
1178, 0.30
1021, 0.30
1178, 0.30
1021, 0.30
1256, 0.30
1021, 0.30
1256, 0.30
1178, 0.30
1178, 0.30
1099, 0.30
1178, 0.30
1021, 0.30
1178, 0.30
1021, 0.30
942, 0.30
1178, 0.30
1178, 0.30
1178, 0.30
1099, 0.30
1178, 0.30
1099, 0.30
1021, 0.30
1099, 0.30
1099, 0.30
1178, 0.30
1021, 0.30
1256, 0.30
1335, 0.30
1256, 0.30
2591, 0.30
1021, 0.30
1335, 0.30
1099, 0.30
1178, 0.30
1099, 0.30
1178, 0.30
1099, 0.30
1178, 0.30
1178, 0.30
1021, 0.30
1099, 0.30
1099, 0.30
1178, 0.30
1178, 0.30
1099, 0.30
1178, 0.30
1256, 0.30
1021, 0.30
1178, 0.30
863, 0.30
1021, 0.30
1256, 0.30
863, 0.30
1099, 0.30
1021, 0.30
1021, 0.30
1178, 0.30
1099, 0.30
1178, 0.30
863, 0.30
1178, 0.30
1178, 0.30
1256, 0.30
1256, 0.30
1178, 0.30
1178, 0.30
1178, 0.30
1178, 0.30
1021, 0.30
1256, 0.30
1021, 0.30
1178, 0.30
1256, 0.30
1021, 0.30
1021, 0.30
942, 0.30
1099, 0.30
1099, 0.30
1099, 0.30
1178, 0.30
1256, 0.30
1256, 0.30
942, 0.30
1256, 0.30
942, 0.30
1178, 0.30
1099, 0.30
1178, 0.30
1256, 0.30
1099, 0.30
1178, 0.30
1256, 0.30
1099, 0.30
1021, 0.30
942, 0.30
1335, 0.30
1021, 0.30
1178, 0.30
942, 0.30
1256, 0.30
1021, 0.30
1021, 0.30
1178, 0.30
1021, 0.30
1178, 0.30
1256, 0.30
1178, 0.30
1099, 0.30
1099, 0.30
1178, 0.30
1256, 0.30
1256, 0.30
1021, 0.30
1099, 0.30
1256, 0.30
1021, 0.30
1099, 0.30
1099, 0.30
942, 0.30
1178, 0.31
1099, 0.31
1099, 0.31
1178, 0.31
1021, 0.32
1256, 0.32
1178, 0.33
1178, 0.33
863, 0.34
1021, 0.34
942, 0.35
1021, 0.35
1021, 0.36
1256, 0.36
1099, 0.37
1335, 0.37
1021, 0.38
1178, 0.38
942, 0.38
942, 0.39
1021, 0.39
1335, 0.39
1021, 0.40
1099, 0.40
1099, 0.40
942, 0.40
1021, 0.40
1099, 0.40
942, 0.41
1099, 0.41
1021, 0.41
942, 0.41
942, 0.41
1178, 0.41
863, 0.41
1099, 0.41
863, 0.41
1178, 0.41
785, 0.41
942, 0.41
1099, 0.41
785, 0.41
1178, 0.41
785, 0.41
785, 0.41
1021, 0.41
863, 0.41
1021, 0.41
785, 0.41
785, 0.41
863, 0.41
706, 0.41
942, 0.41
1021, 0.41
942, 0.41
942, 0.41
942, 0.41
1099, 0.41
1178, 0.41
1021, 0.41
863, 0.41
863, 0.41
1021, 0.41
942, 0.41
1178, 0.41
1256, 0.41
706, 0.41
942, 0.41
1256, 0.41
1256, 0.41
1021, 0.41
628, 0.41
549, 0.41
1099, 0.41
471, 0.41
1413, 0.41
471, 0.41
1099, 0.41
392, 0.41
549, 0.41
1021, 0.41
1021, 0.41
549, 0.41
706, 0.41
942, 0.41
863, 0.41
706, 0.41
706, 0.41
706, 0.41
471, 0.41
471, 0.41
471, 0.41
314, 0.41
235, 0.41
314, 0.41
549, 0.41
1099, 0.41
942, 0.41
471, 0.41
549, 0.41
1099, 0.41
942, 0.41
314, 0.41
628, 0.41
1099, 0.41
785, 0.41
706, 0.41
942, 0.41
549, 0.41
863, 0.41
628, 0.41
863, 0.41
471, 0.41
785, 0.41
628, 0.41
628, 0.41
785, 0.41
471, 0.41
706, 0.41
785, 0.41
863, 0.41
549, 0.41
942, 0.41
706, 0.41
785, 0.41
706, 0.41
471, 0.41
863, 0.41
785, 0.41
706, 0.41
785, 0.41
706, 0.41
863, 0.41
706, 0.41
706, 0.41
706, 0.41
785, 0.41
785, 0.41
628, 0.41
942, 0.41
706, 0.41
706, 0.41
785, 0.41
706, 0.41
863, 0.41
942, 0.41
863, 0.41
628, 0.41
785, 0.41
785, 0.41
1099, 0.41
1021, 0.41
471, 0.41
863, 0.41
863, 0.41
942, 0.41
942, 0.41
863, 0.41
628, 0.41
785, 0.41
863, 0.41
863, 0.41
942, 0.41
942, 0.41
628, 0.41
706, 0.41
706, 0.41
863, 0.41
706, 0.41
549, 0.41
785, 0.41
628, 0.41
942, 0.41
942, 0.41
628, 0.41
706, 0.41
785, 0.41
785, 0.41
706, 0.41
706, 0.41
942, 0.41
785, 0.41
785, 0.41
785, 0.41
863, 0.41
785, 0.41
706, 0.41
706, 0.41
785, 0.41
706, 0.41
706, 0.41
942, 0.41
549, 0.41
785, 0.41
1021, 0.41
549, 0.41
785, 0.41
549, 0.41
942, 0.41
942, 0.41
785, 0.41
942, 0.41
471, 0.41
706, 0.41
628, 0.41
863, 0.41
785, 0.41
706, 0.41
785, 0.41
706, 0.41
863, 0.41
942, 0.41
628, 0.41
628, 0.41
549, 0.41
785, 0.41
863, 0.41
628, 0.41
785, 0.41
785, 0.41
1021, 0.41
706, 0.41
863, 0.41
863, 0.41
785, 0.41
392, 0.41
785, 0.41
942, 0.41
863, 0.41
942, 0.41
942, 0.41
392, 0.41
785, 0.41
1099, 0.41
785, 0.41
863, 0.41
628, 0.41
863, 0.41
785, 0.41
942, 0.41
785, 0.41
628, 0.41
785, 0.41
785, 0.41
785, 0.41
1021, 0.41
628, 0.41
706, 0.41
785, 0.41
942, 0.41
1021, 0.41
706, 0.41
942, 0.41
471, 0.41
863, 0.41
706, 0.41
785, 0.41
785, 0.41
863, 0.41
471, 0.41
942, 0.41
549, 0.41
785, 0.41
628, 0.41
1021, 0.41
863, 0.41
706, 0.41
863, 0.41
706, 0.41
471, 0.41
1021, 0.41
785, 0.41
785, 0.41
471, 0.41
942, 0.41
863, 0.41
863, 0.41
785, 0.41
549, 0.41
628, 0.41
942, 0.41
942, 0.41
706, 0.41
1021, 0.41
785, 0.41
785, 0.41
942, 0.41
785, 0.41
942, 0.41
942, 0.41
549, 0.41
1492, 0.41
706, 0.41
942, 0.41
863, 0.41
863, 0.41
706, 0.41
863, 0.41
785, 0.41
863, 0.41
942, 0.41
1021, 0.41
785, 0.41
706, 0.40
785, 0.40
863, 0.40
785, 0.40
549, 0.40
706, 0.39
785, 0.39
942, 0.39
863, 0.39
942, 0.38
235, 0.38
1021, 0.38
1099, 0.37
942, 0.37
1021, 0.36
628, 0.36
863, 0.35
1099, 0.35
785, 0.34
863, 0.33
785, 0.33
1021, 0.32
1099, 0.32
706, 0.31
785, 0.30
1178, 0.30
706, 0.29
706, 0.28
942, 0.28
1099, 0.27
942, 0.27
1021, 0.26
942, 0.26
785, 0.25
1099, 0.24
1099, 0.24
1099, 0.23
1099, 0.23
1021, 0.23
1099, 0.22
1178, 0.22
1021, 0.22
1413, 0.21
1256, 0.21
1021, 0.21
1099, 0.21
1492, 0.20
1335, 0.20
1335, 0.20
1099, 0.20
1178, 0.20
942, 0.20
942, 0.20
1492, 0.20
1099, 0.20
1256, 0.19
1256, 0.19
1099, 0.19
1335, 0.19
1335, 0.19
1335, 0.19
1335, 0.19
1492, 0.19
1256, 0.19
1335, 0.19
1413, 0.19
1335, 0.19
1256, 0.19
1099, 0.19
1335, 0.19
1413, 0.19
1256, 0.19
1413, 0.19
1256, 0.19
1335, 0.19
1335, 0.18
1256, 0.19
1256, 0.19
1256, 0.19
1335, 0.19
1256, 0.19
1413, 0.19
1335, 0.19
1256, 0.19
1335, 0.19
1178, 0.19
1335, 0.19
1256, 0.19
1335, 0.19
1178, 0.19
1335, 0.19
1335, 0.18
1178, 0.19
1256, 0.19
1335, 0.19
1335, 0.19
1256, 0.19
1256, 0.19
1256, 0.19
1256, 0.19
1256, 0.19
1256, 0.19
1256, 0.19
1256, 0.19
1256, 0.19
1256, 0.19
1256, 0.19
1256, 0.19
1099, 0.19
1099, 0.19
1178, 0.19
1256, 0.19
1256, 0.19
1256, 0.19
1256, 0.19
1256, 0.19
1256, 0.19
1178, 0.19
1256, 0.19
1178, 0.19
1256, 0.19
1256, 0.19
1256, 0.19
1256, 0.19
1099, 0.19
1256, 0.19
1256, 0.19
1178, 0.19
1256, 0.19
1178, 0.19
1178, 0.19
1178, 0.19
1178, 0.19
1178, 0.19
1256, 0.19
1256, 0.19
1178, 0.19
1178, 0.19
1178, 0.19
1256, 0.19
1256, 0.19
1256, 0.19
1099, 0.19
1178, 0.19
1178, 0.19
1256, 0.19
1256, 0.19
1256, 0.19
1099, 0.19
1178, 0.19
1178, 0.19
1178, 0.19
1099, 0.19
1178, 0.19
1099, 0.19
1256, 0.19
1256, 0.19
1256, 0.19
1256, 0.19
1256, 0.19
1256, 0.19
1256, 0.19
1256, 0.19
1256, 0.19
1256, 0.19
1256, 0.19
1256, 0.19
1256, 0.19
1178, 0.19
1256, 0.19
1256, 0.19
1178, 0.19
1256, 0.19
1256, 0.19
1256, 0.19
1256, 0.19
1256, 0.19
1256, 0.19
1256, 0.19
1256, 0.19
1178, 0.19
1256, 0.19
1178, 0.19
1178, 0.19
1178, 0.19
1178, 0.19
1178, 0.19
1178, 0.19
1178, 0.19
1178, 0.19
1178, 0.19
1178, 0.19
1178, 0.19
1178, 0.18
1099, 0.19
1099, 0.19
1256, 0.19
1256, 0.19
1178, 0.19
1256, 0.19
1256, 0.19
1256, 0.19
1256, 0.19
1178, 0.19
1178, 0.19
1178, 0.19
1178, 0.19
1178, 0.19
1178, 0.19
1178, 0.19
1178, 0.19
1178, 0.19
1178, 0.19
1178, 0.19
1256, 0.19
1178, 0.19
1256, 0.19
1256, 0.19
1178, 0.19
1178, 0.19
1099, 0.19
1178, 0.19
1099, 0.19
1178, 0.19
1099, 0.19
1099, 0.19
1256, 0.19
1256, 0.19
1256, 0.19
1178, 0.19
1178, 0.19
1178, 0.19
1178, 0.19
1178, 0.19
1178, 0.19
1178, 0.19
1178, 0.19
1256, 0.19
1256, 0.19
1256, 0.19
1178, 0.19
1178, 0.19
1099, 0.19
1178, 0.19
1099, 0.19
1178, 0.19
1178, 0.19
1256, 0.19
1256, 0.19
1256, 0.19
1178, 0.19
1099, 0.19
1178, 0.19
1099, 0.19
1178, 0.19
1178, 0.19
1178, 0.19
1256, 0.19
1178, 0.19
1178, 0.19
1178, 0.19
1099, 0.19
1099, 0.19
1178, 0.19
1256, 0.19
1178, 0.19
1256, 0.19
1178, 0.19
1178, 0.19
1178, 0.19
1178, 0.19
1178, 0.19
1178, 0.19
1178, 0.19
1256, 0.19
1178, 0.19
1178, 0.19
1099, 0.19
1178, 0.19
1178, 0.19
1178, 0.19
1178, 0.19
1178, 0.19
1256, 0.19
1178, 0.19
1178, 0.19
1178, 0.19
1178, 0.19
1178, 0.19
1178, 0.19
1178, 0.19
1256, 0.19
1256, 0.19
1178, 0.19
1178, 0.19
1099, 0.19
1178, 0.19
1178, 0.19
1178, 0.19
1178, 0.19
1256, 0.19
1256, 0.19
1256, 0.19
1178, 0.19
1178, 0.19
1178, 0.19
1178, 0.19
1099, 0.19
1178, 0.19
1099, 0.19
1099, 0.19
1256, 0.19
1256, 0.19
1256, 0.19
1178, 0.19
1178, 0.19
1178, 0.19
1099, 0.19
1178, 0.19
1099, 0.19
1099, 0.19
1178, 0.19
1178, 0.19
1256, 0.19
1178, 0.19
1178, 0.19
1178, 0.19
1178, 0.19
1178, 0.19
1099, 0.19
1178, 0.19
1178, 0.19
1256, 0.19
1256, 0.19
1178, 0.19
1178, 0.19
1178, 0.19
1178, 0.19
1178, 0.19
1178, 0.19
1099, 0.19
1256, 0.19
1256, 0.19
1178, 0.19
1178, 0.19
1178, 0.19
1178, 0.19
1099, 0.19
1178, 0.19
1256, 0.18
1256, 0.19
1256, 0.19
1178, 0.19
1178, 0.19
1178, 0.19
1178, 0.19
1178, 0.19
1178, 0.19
1178, 0.19
1256, 0.19
1256, 0.19
1178, 0.19
1178, 0.19
1099, 0.19
1178, 0.19
1178, 0.19
1178, 0.19
1099, 0.19
1256, 0.19
1256, 0.19
1178, 0.19
1178, 0.19
1178, 0.19
1099, 0.19
1178, 0.19
1099, 0.19
1178, 0.19
1256, 0.19
1256, 0.19
1178, 0.19
1178, 0.19
1178, 0.19
1099, 0.19
1099, 0.19
1178, 0.18
1256, 0.19
1256, 0.19
1178, 0.19
1178, 0.19
1178, 0.18
1099, 0.18
1099, 0.18
1178, 0.18
1178, 0.18
1256, 0.18
1256, 0.18
1256, 0.18
1178, 0.17
1178, 0.17
1178, 0.17
1099, 0.16
1178, 0.16
1178, 0.16
1178, 0.15
1256, 0.15
1178, 0.14
1178, 0.13
1178, 0.13
1178, 0.12
1178, 0.12
1178, 0.11
1178, 0.11
1021, 0.10
1178, 0.09
1178, 0.09
1021, 0.08
1099, 0.07
1099, 0.07
1021, 0.06
1099, 0.05
1099, 0.05
1099, 0.04
1099, 0.04
942, 0.03
1021, 0.02
1021, 0.02
1021, 0.02
1021, 0.01
1021, 0.01
942, 0.00
1021, 0.00
942, 0.00
942, 0.00
1021, 0.00
942, 0.00
942, 0.00
942, 0.00
942, 0.00
942, 0.00
863, 0.00
863, 0.00
863, 0.00
863, 0.00
785, 0.00
1649, 0.00
863, 0.00
785, 0.00
785, 0.00
785, 0.00
706, 0.00
706, 0.00
706, 0.00
706, 0.00
706, 0.00
706, 0.00
706, 0.00
706, 0.00
706, 0.00
706, 0.00
628, 0.00
706, 0.00
628, 0.00
628, 0.00
628, 0.00
628, 0.00
628, 0.00
628, 0.00
549, 0.00
628, 0.00
549, 0.00
549, 0.00
471, 0.00
471, 0.00
471, 0.00
549, 0.00
549, 0.00
471, 0.00
549, 0.00
471, 0.00
471, 0.00
471, 0.00
471, 0.00
471, 0.00
471, 0.00
471, 0.00
392, 0.00
471, 0.00
392, 0.00
471, 0.00
392, 0.00
392, 0.00
392, 0.00
392, 0.00
392, 0.00
314, 0.00
392, 0.00
392, 0.00
314, 0.00
314, 0.00
392, 0.00
314, 0.00
314, 0.00
314, 0.00
314, 0.00
314, 0.00
314, 0.00
235, 0.00
314, 0.00
314, 0.00
235, 0.00
235, 0.00
314, 0.00
235, 0.00
235, 0.00
235, 0.00
235, 0.00
235, 0.00
235, 0.00
235, 0.00
157, 0.00
235, 0.00
157, 0.00
235, 0.00
157, 0.00
235, 0.00
157, 0.00
157, 0.00
157, 0.00
157, 0.00
157, 0.00
157, 0.00
157, 0.00
157, 0.00
157, 0.00
78, 0.00
157, 0.00
78, 0.00
157, 0.00
78, 0.00
157, 0.00
78, 0.00
78, 0.00
78, 0.00
78, 0.00
157, 0.00
78, 0.00
0, 0.00
78, 0.00
78, 0.00
78, 0.00
78, 0.00
0, 0.00
78, 0.00
78, 0.00
0, 0.00
78, 0.00
0, 0.00
0, 0.00
78, 0.00
0, 0.00
0, 0.00
0, 0.00
0, 0.00
0, 0.00
0, 0.00
0, 0.00
0, 0.00
0, 0.00
0, 0.00
0, 0.00
0, 0.00
0, 0.00
0, 0.00
0, 0.00
0, 0.00
0, 0.00
0, 0.00
0, 0.00
0, 0.00
0, 0.00
0, 0.00
0, 0.00
0, 0.00
0, 0.00
0, 0.00
0, 0.00
0, 0.00
0, 0.00
0, 0.00
0, 0.00
0, 0.00
0, 0.00
0, 0.00
0, 0.00
0, 0.00
0, 0.00
0, 0.00
0, 0.00
0, 0.00
0, 0.00
0, 0.00
0, 0.00
0, 0.00
0, 0.00
0, 0.00
0, 0.00
0, 0.00
0, 0.00
0, 0.00
0, 0.00
0, 0.00
0, 0.00
0, 0.00
0, 0.00
0, 0.00
0, 0.00
0, 0.00
0, 0.00
0, 0.00
0, 0.00
0, 0.00
0, 0.00
0, 0.00
0, 0.00
0, 0.00
0, 0.00
0, 0.00
0, 0.00
0, 0.00
0, 0.00
0, 0.00
0, 0.00
0, 0.00
0, 0.00
0, 0.00
0, 0.00
0, 0.00
0, 0.00
0, 0.00
0, 0.00
0, 0.00
0, 0.00
0, 0.00
0, 0.00
0, 0.00
0, 0.00
0, 0.00
0, 0.00
0, 0.00
0, 0.00
0, 0.00
0, 0.00
0, 0.00
0, 0.00
0, 0.00
0, 0.00
0, 0.00
0, 0.00
0, 0.00
0, 0.00
0, 0.00
0, 0.00
0, 0.00
0, 0.00
0, 0.00
0, 0.00
0, 0.00
0, 0.00
0, 0.00
0, 0.00
0, 0.00
0, 0.00
0, 0.00
0, 0.00
0, 0.00
0, 0.00
0, 0.00
0, 0.00
0, 0.00
0, 0.00
0, 0.00
0, 0.00
0, 0.00
0, 0.00
0, 0.00
0, 0.00
0, 0.00
0, 0.00
0, 0.00
0, 0.00
0, 0.00
0, 0.00
0, 0.00
0, 0.00
0, 0.00
0, 0.00
0, 0.00
0, 0.00
0, 0.00
0, 0.00
0, 0.00
0, 0.00
0, 0.00
0, 0.00
0, 0.00
0, 0.00
0, 0.00
0, 0.00
0, 0.00
0, 0.00
0, 0.00
0, 0.00
0, 0.00
0, 0.00
0, 0.00
0, 0.00
0, 0.00
0, 0.00
0, 0.00
0, 0.00
0, 0.00
0, 0.00
0, 0.00
0, 0.00
0, 0.00
0, 0.00
0, 0.00
0, 0.00
0, 0.00
0, 0.00
0, 0.00
0, 0.00
0, 0.00
0, 0.00
0, 0.00
0, 0.00
0, 0.00
0, 0.00
0, 0.00
0, 0.00
0, 0.00
0, 0.00
0, 0.00
0, 0.00
0, 0.00
0, 0.00
0, 0.00
0, 0.00
0, 0.00
0, 0.00
0, 0.00
0, 0.00
0, 0.00
0, 0.00
0, 0.00
0, 0.00
0, 0.00
0, 0.00
0, 0.00
0, 0.00
0, 0.00
0, 0.00
0, 0.00
0, 0.00
0, 0.00
0, 0.00
0, 0.00
0, 0.00
0, 0.00
0, 0.00
0, 0.00
0, 0.00
0, 0.00
0