0 0

0 0
0 0
0
0 0
0 0
0 0
0 0
0 0
0 0
0 0
0 0
0 0
0 0
0 0
0 0
0 0
0 0
0 0
0 0
0 0
0 0
0 0
0 0
0 0
0 0
0 0
0 0
0 0
0
0 0
0 0
0 0
0 0
0 0
0 0
0 0
0 0
0 0
0 0
0 0
0 0
0 0
0 0
0 0
0 0
0 0
0 0
0 0
0 0
0 0
0 0
0 0
0 0
0 0
1 0
0 0
0 0
0 0
0 0
0 0
0 0
0 0
0 0
0 0
0 0
0 0
0 0
0 0
0 0
0 0
0 0
0 0
0 0
0 0
0 0
0 0
0 0
0 0
0 0
0 0
0 0
0 0
0 0
0 0
0 0
0 0
0 0
0 0
0 0
0 0
0 0
0 0
0 0
0 0
0 0
0 0
0 0
0 0
0 0
0 0
0 0
0 0
0 0
0 0
0 0
0 0
7 0
10 0
38 0
81 0
103 0
115 0
118 0
116 0
117 0
116 0
116 0
116 0
113 0
116 0
116 0
115 0
115 0
116 0
113 0
116 0
116 0
115 0
115 0
116 0
115 0
115 0
116 0
115 0
116 0
116 0
115 0
115 0
115 0
115 0
115 0
115 0
113 0
113 0
116 5
113 5
115 5
116 5
113 5
113 5
113 5
113 5
112 5
112 5
113 5
115 5
113 5
113 10
115 10
112 10
112 15
113 15
112 15
111 15
111 15
111 10
111 10
112 10
113 10
113 10
113 10
113 10
113 10
112 10
112 15
113 15
112 15
111 15
111 15
110 20
111 20
108 20
96 20
97 20
102 20
105 20
111 20
107 20
92 20
96 20
101 20
105 20
108 25
108 25
106 25
106 25
91 25
77 30
86 30
95 30
100 30
105 30
102 30
87 30
76 30
82 30
93 30
101 30
101 30
87 30
76 30
81 25
92 20
101 20
105 20
106 20
107 20
106 20
108 20
110 15
108 15
110 15
111 15
110 15
111 15
112 15
110 15
111 15
113 15
111 15
111 15
111 15
110 15
111 10
112 10
111 10
113 10
113 10
111 5
113 5
115 5
113 5
115 5
113 5
111 5
112 5
113 5
115 0
115 0
113 0
115 0
115 0
115 0
115 5
115 5
115 5
115 5
113 5
115 5
115 5
115 5
113 5
115 5
115 5
115 5
113 5
113 10
113 10
113 10
115 10
112 10
112 15
112 15
113 15
112 15
110 15
108 15
108 15
110 15
112 20
111 20
105 20
93 20
92 20
98 20
105 20
106 20
106 20
107 20
106 20
103 20
106 20
106 20
105 20
107 20
106 20
106 20
106 20
106 20
106 20
107 20
106 20
106 20
107 20
106 20
103 25
103 25
88 25
76 25
83 30
92 30
95 30
82 30
68 30
76 30
88 30
90 30
78 30
68 30
72 25
85 25
93 25
97 20
101 20
103 20
103 20
107 20
108 20
105 20
92 20
93 20
98 20
106 20
107 20
105 20
105 20
107 15
106 15
107 10
107 10
107 10
108 10
111 5
112 5
115 5
113 5
113 5
115 5
115 5
115 5
115 5
115 5
115 5
115 5
113 5
113 5
115 5
113 5
113 5
112 5
112 5
113 5
113 5
113 5
113 5
113 5
115 5
115 0
115 0
113 0
115 0
116 0
115 0
116 0
113 0
116 0
116 0
113 0
116 0
116 0
115 0
116 0
116 0
113 0
116 0
117 0
116 0
116 0
115 0
115 0
116 0
116 0
116 0
116 0
116 0
115 0
117 0
116 0
115 0
116 0
115 0
113 0
117 0
11