0
0
0
0
0
0
0
0
0
0
0
0
0
0
0
0
0
0
0
0
0
0
0
0
0
0
0
0
0
0
0
0
0
0
0
0
0
0
0
0
0
0
0
0
0
0
0
0
0
0
0
0
0
0
0
0
0
0
0
0
0
0
0
0
0
0
0
0
0
0
0
0
0
0
15
52
77
93
103
113
117
120
122
122
122
123
125
123
126
125
125
127
126
126
126
126
125
126
126
125
126
125
127
127
126
128
127
126
126
128
135
143
146
145
150
161
165
171
175
173
177
180
177
181
182
180
181
185
182
183
185
182
185
183
183
186
182
185
186
183
185
185
183
185
183
182
177
173
167
166
162
160
158
157
156
156
157
153
150
145
141
138
137
133
132
131
131
131
128
131
128
128
128
128
128
130
128
128
128
128
126
125
111
95
83
71
60
51
42
33
27
18
13
7
2
0
0
0
0
0
0
0
0
0
0
0
0
0
0
0
0
0
0
0