0
0
0
0
0
0
0
0
0
0
0
0
0
0
0
0
0
0
0
0
0
0
0
0
0
0
0
0
0
0
0
0
0
0
0
0
0
0
0
0
0
0
0
0
0
0
0
0
0
0
0
0
0
0
0
0
0
0
0
0
0
0
0
0
0
0
0
0
0
0
0
0
0
0
0
0
0
0
0
0
0
0
0
0
0
0
0
0
0
0
0
0
0
0
0
0
0
0
0
0
0
0
0
0
0
0
0
0
17
113
162
182
178
175
171
166
166
163
161
162
161
157
160
158
158
158
158
158
172
178
180
183
183
183
186
187
185
188
187
185
188
188
185
188
187
188
191
195
201
206
207
211
213
211
215
216
212
215
217
212
215
213
211
216
215
207
205
201
196
197
193
185
180
177
171
170
167
166
163
160
156
152
146
143
142
137
138
136
135
135
135
133
133
132
116
101
87
75
65
56
45
37
30
22
15
10
5
0
0
0
0
0
0
0
0
0
0
0
0
20
112
158
158
152
152
152
153
156
156
155
158
158
157
160
160
157
160
160
158
160
158
158
160
157
161
161
171
198
212
212
213
216
212
215
217
213
218
218
212
213
217
206
205
202
196
196
196
191
195
192
190
192
190
191
191
188
183
177
168
162
156
151
148
145
142
140
140
137
136
135
135
135
135
133
133
132
116
101
90
76
66
55
46
38
30
22
17
10
5
1
0
0
0
0
0
0
0
0
0
0
0
23
116
166
183
180
176
172
168
168
167
162
165
163
160
162
160
162
161
158
160
161
160
161
161
158
161
161
158
161
161
158
161
160
152
150
147
142
142
140
137
138
137
135
136
135
133
135
133
133
135
136
148
157
156
158
160
158
160
161
158
161
161
160
161
160
160
161
161
160
161
161
160
161
160
162
171
176
178
181
181
186
187
185
190
188
187
190
190
188
191
191
188
191
191
188
195
200
203
210
211
211
215
215
215
216
217
213
217
208
205
202
192
187
183
176
175
172
168
168
166
163
165
163
161
163
161
155
152
148
145
140
122
106
93
81
68
60
50
40
33
26
18
13
7
2
0
0
0
0
23
117
155
157
173
186
203
208
211
212
216
213
216
217
217
213
217
218
208
201
192
185
182
178
173
172
168
168
166
165
165
163
161
166
172
175
181
182
183
186
188
187
190
190
187
191
191
188
192
191
188
192
191
190
201
205
206
212
210
216
218
213
216
217
216
215
210
197
191
185
172
162
145
126
112
97
83
72
62
52
45
35
27
21
15
10
3
0
0
0
0
0
0
0